0.0 70.0
0.0 210.0
0.0 230.0
0.0 250.0
0.0 370.0
0.0 390.0
0.0 410.0
0.0 430.0
9.99999999999998 230.0
9.99999999999998 250.0
9.99999999999998 270.0
9.99999999999998 370.0
9.99999999999998 390.0
9.99999999999998 410.0
20.000000000000014 90.0
20.000000000000014 110.0
20.000000000000014 130.0
20.000000000000014 230.0
20.000000000000014 250.0
20.000000000000014 270.0
20.000000000000014 290.0
20.000000000000014 350.0
20.000000000000014 390.0
20.000000000000014 410.0
20.000000000000014 470.0
20.000000000000014 670.0
20.000000000000014 690.0
30.000000000000156 190.0
30.000000000000156 230.0
30.000000000000156 250.0
30.000000000000156 270.0
30.000000000000156 290.0
30.000000000000156 310.0
30.000000000000156 350.0
30.000000000000156 390.0
30.000000000000156 410.0
30.000000000000156 430.0
30.000000000000156 470.0
30.000000000000156 670.0
30.000000000000156 1190.0
40.0000000000003 90.0
40.0000000000003 110.0
40.0000000000003 210.0
40.0000000000003 250.0
40.0000000000003 270.0
40.0000000000003 290.0
40.0000000000003 370.0
40.0000000000003 390.0
40.0000000000003 410.0
40.0000000000003 450.0
40.0000000000003 670.0
50.00000000000044 50.0
50.00000000000044 130.0
50.00000000000044 250.0
50.00000000000044 270.0
50.00000000000044 290.0
50.00000000000044 410.0
50.00000000000044 450.0
50.00000000000044 1070.0
60.00000000000058 130.0
60.00000000000058 270.0
60.00000000000058 290.0
60.00000000000058 350.0
60.00000000000058 410.0
60.00000000000058 1010.0
2530.0000000000637 60.0
70.0000000000003 270.0
70.0000000000003 290.0
70.0000000000003 410.0
79.99999999999973 30.0
79.99999999999973 170.0
79.99999999999973 270.0
79.99999999999973 290.0
79.99999999999973 390.0
79.99999999999973 410.0
79.99999999999973 650.0
79.99999999999973 970.0
79.99999999999973 2070.0
89.99999999999916 170.0
89.99999999999916 270.0
89.99999999999916 290.0
89.99999999999916 350.0
89.99999999999916 370.0
89.99999999999916 390.0
89.99999999999916 410.0
89.99999999999916 750.0
89.99999999999916 1850.0
99.9999999999986 290.0
99.9999999999986 310.0
99.9999999999986 370.0
99.9999999999986 410.0
99.9999999999986 690.0
99.9999999999986 710.0
99.9999999999986 790.0
109.99999999999802 290.0
109.99999999999802 310.0
109.99999999999802 330.0
109.99999999999802 410.0
109.99999999999802 430.0
109.99999999999802 450.0
109.99999999999802 670.0
109.99999999999802 690.0
109.99999999999802 790.0
109.99999999999802 1990.0
109.99999999999802 2050.0
119.99999999999746 290.0
119.99999999999746 310.0
119.99999999999746 330.0
119.99999999999746 390.0
119.99999999999746 410.0
119.99999999999746 690.0
119.99999999999746 790.0
119.99999999999746 1030.0
119.99999999999746 1170.0
119.99999999999746 1890.0
119.99999999999746 1970.0
129.9999999999969 10.0
129.9999999999969 110.0
129.9999999999969 190.0
129.9999999999969 290.0
129.9999999999969 310.0
129.9999999999969 330.0
129.9999999999969 410.0
139.99999999999633 10.0
139.99999999999633 30.0
139.99999999999633 310.0
139.99999999999633 330.0
139.99999999999633 410.0
139.99999999999633 430.0
139.99999999999633 630.0
139.99999999999633 810.0
139.99999999999633 1030.0
139.99999999999633 2050.0
149.99999999999577 30.0
149.99999999999577 50.0
149.99999999999577 130.0
149.99999999999577 310.0
149.99999999999577 330.0
149.99999999999577 350.0
149.99999999999577 390.0
149.99999999999577 410.0
149.99999999999577 1010.0
149.99999999999577 1030.0
149.99999999999577 1110.0
149.99999999999577 1950.0
149.99999999999577 1970.0
149.99999999999577 1990.0
159.9999999999952 50.0
159.9999999999952 70.0
159.9999999999952 310.0
159.9999999999952 330.0
159.9999999999952 350.0
159.9999999999952 370.0
159.9999999999952 410.0
159.9999999999952 450.0
159.9999999999952 1030.0
159.9999999999952 1150.0
159.9999999999952 1950.0
169.99999999999463 70.0
169.99999999999463 90.0
169.99999999999463 110.0
169.99999999999463 330.0
169.99999999999463 350.0
169.99999999999463 370.0
169.99999999999463 410.0
169.99999999999463 430.0
169.99999999999463 770.0
169.99999999999463 1010.0
169.99999999999463 1030.0
169.99999999999463 1830.0
169.99999999999463 1950.0
179.99999999999406 70.0
179.99999999999406 90.0
179.99999999999406 350.0
179.99999999999406 390.0
179.99999999999406 410.0
179.99999999999406 430.0
179.99999999999406 770.0
179.99999999999406 1950.0
189.9999999999935 90.0
189.9999999999935 110.0
189.9999999999935 350.0
189.9999999999935 370.0
189.9999999999935 390.0
189.9999999999935 410.0
189.9999999999935 430.0
189.9999999999935 450.0
189.9999999999935 710.0
189.9999999999935 1850.0
189.9999999999935 1910.0
189.9999999999935 1950.0
199.99999999999292 110.0
199.99999999999292 330.0
199.99999999999292 350.0
199.99999999999292 370.0
199.99999999999292 410.0
199.99999999999292 430.0
199.99999999999292 450.0
199.99999999999292 710.0
199.99999999999292 770.0
199.99999999999292 1130.0
199.99999999999292 1930.0
209.99999999999235 350.0
209.99999999999235 370.0
209.99999999999235 410.0
209.99999999999235 430.0
209.99999999999235 770.0
209.99999999999235 950.0
209.99999999999235 1930.0
209.99999999999235 2010.0
219.9999999999918 370.0
219.9999999999918 770.0
219.9999999999918 990.0
219.9999999999918 1050.0
219.9999999999918 1090.0
219.9999999999918 1170.0
2380.0000000002 1900.0
219.9999999999918 1930.0
219.9999999999918 1970.0
219.9999999999918 2010.0
229.99999999999122 370.0
229.99999999999122 790.0
229.99999999999122 1030.0
229.99999999999122 1070.0
229.99999999999122 1990.0
239.99999999999065 10.0
239.99999999999065 190.0
239.99999999999065 350.0
239.99999999999065 370.0
239.99999999999065 870.0
239.99999999999065 1990.0
249.99999999999008 370.0
249.99999999999008 390.0
249.99999999999008 750.0
249.99999999999008 950.0
249.99999999999008 1030.0
259.9999999999906 390.0
259.9999999999906 1030.0
259.9999999999906 1970.0
269.9999999999929 390.0
269.9999999999929 730.0
269.9999999999929 950.0
269.9999999999929 970.0
269.9999999999929 1010.0
269.9999999999929 1030.0
279.99999999999517 370.0
279.99999999999517 390.0
279.99999999999517 410.0
279.99999999999517 730.0
279.99999999999517 1010.0
289.99999999999744 410.0
289.99999999999744 1010.0
289.99999999999744 1050.0
299.9999999999997 410.0
310.000000000002 410.0
310.000000000002 1070.0
320.00000000000426 390.0
320.00000000000426 410.0
330.00000000000654 570.0
340.0000000000088 1930.0
350.0000000000111 570.0
350.0000000000111 1010.0
360.00000000001336 510.0
360.00000000001336 570.0
360.00000000001336 1030.0
360.00000000001336 1110.0
370.00000000001563 570.0
370.00000000001563 1110.0
380.0000000000179 590.0
380.0000000000179 1090.0
380.0000000000179 1110.0
380.0000000000179 1130.0
380.0000000000179 1910.0
390.0000000000202 490.0
390.0000000000202 590.0
390.0000000000202 1090.0
390.0000000000202 1110.0
390.0000000000202 1130.0
400.00000000002245 490.0
400.00000000002245 590.0
400.00000000002245 1090.0
400.00000000002245 1110.0
2200.000000000364 1120.0
400.00000000002245 1130.0
410.0000000000247 490.0
410.0000000000247 510.0
410.0000000000247 1070.0
410.0000000000247 1110.0
2190.000000000373 1120.0
410.0000000000247 1130.0
420.000000000027 490.0
420.000000000027 510.0
420.000000000027 1070.0
420.000000000027 1090.0
420.000000000027 1110.0
2180.000000000382 1120.0
420.000000000027 1130.0
420.000000000027 1150.0
420.000000000027 1890.0
430.0000000000293 510.0
430.0000000000293 1070.0
430.0000000000293 1090.0
2170.000000000391 1100.0
430.0000000000293 1110.0
2170.000000000391 1160.0
440.00000000003155 1050.0
440.00000000003155 1070.0
440.00000000003155 1130.0
450.0000000000338 1070.0
2150.0000000004093 1100.0
450.0000000000338 1130.0
450.0000000000338 1150.0
450.0000000000338 1170.0
460.0000000000361 230.0
460.0000000000361 490.0
460.0000000000361 530.0
460.0000000000361 1050.0
460.0000000000361 1070.0
2140.0000000004184 1080.0
460.0000000000361 1090.0
460.0000000000361 1150.0
460.0000000000361 1170.0
470.00000000003837 10.0
470.00000000003837 490.0
470.00000000003837 510.0
470.00000000003837 530.0
470.00000000003837 1050.0
470.00000000003837 1070.0
2130.0000000004275 1080.0
470.00000000003837 1090.0
470.00000000003837 1130.0
470.00000000003837 1170.0
480.00000000004064 490.0
480.00000000004064 510.0
480.00000000004064 530.0
480.00000000004064 1050.0
480.00000000004064 1070.0
2120.0000000004366 1080.0
480.00000000004064 1090.0
480.00000000004064 1130.0
480.00000000004064 1150.0
480.00000000004064 1170.0
490.0000000000429 490.0
490.0000000000429 510.0
490.0000000000429 530.0
490.0000000000429 1030.0
490.0000000000429 1050.0
490.0000000000429 1070.0
2110.0000000004457 1080.0
490.0000000000429 1090.0
490.0000000000429 1130.0
490.0000000000429 1150.0
490.0000000000429 1170.0
2110.0000000004457 1200.0
500.0000000000452 490.0
500.0000000000452 510.0
500.0000000000452 530.0
500.0000000000452 1030.0
500.0000000000452 1050.0
2100.0000000004547 1060.0
500.0000000000452 1070.0
2100.0000000004547 1080.0
500.0000000000452 1130.0
500.0000000000452 1150.0
500.0000000000452 1170.0
2100.0000000004547 1200.0
510.00000000004746 510.0
510.00000000004746 530.0
510.00000000004746 1030.0
2090.000000000464 1060.0
510.00000000004746 1070.0
2090.000000000464 1100.0
510.00000000004746 1130.0
510.00000000004746 1150.0
510.00000000004746 1170.0
510.00000000004746 1190.0
520.0000000000497 530.0
520.0000000000497 1030.0
520.0000000000497 1050.0
2080.000000000473 1060.0
520.0000000000497 1070.0
2080.000000000473 1100.0
520.0000000000497 1150.0
520.0000000000497 1170.0
2080.000000000473 1180.0
2080.000000000473 1200.0
530.000000000052 1030.0
530.000000000052 1050.0
530.000000000052 1070.0
2070.000000000482 1080.0
530.000000000052 1090.0
2070.000000000482 1100.0
530.000000000052 1170.0
2070.000000000482 1200.0
540.0000000000542 1030.0
540.0000000000542 1050.0
2060.000000000491 1060.0
540.0000000000542 1070.0
2060.000000000491 1080.0
540.0000000000542 1090.0
2060.000000000491 1100.0
540.0000000000542 1150.0
540.0000000000542 1170.0
2060.000000000491 1180.0
2060.000000000491 1200.0
2050.0000000005 1060.0
2050.0000000005 1080.0
550.0000000000565 1090.0
2050.0000000005 1100.0
550.0000000000565 1150.0
2050.0000000005 1180.0
550.0000000000565 1190.0
2050.0000000005 1200.0
2050.0000000005 1220.0
2040.0000000005093 1040.0
560.0000000000588 1050.0
2040.0000000005093 1060.0
560.0000000000588 1070.0
2040.0000000005093 1080.0
2040.0000000005093 1100.0
560.0000000000588 1150.0
560.0000000000588 1190.0
2040.0000000005093 1220.0
2030.0000000005184 1040.0
2030.0000000005184 1060.0
2030.0000000005184 1100.0
570.000000000061 1150.0
2030.0000000005184 1180.0
570.000000000061 1190.0
2030.0000000005184 1200.0
570.000000000061 1210.0
2030.0000000005184 1220.0
2020.0000000005275 1040.0
580.0000000000633 1070.0
2020.0000000005275 1100.0
580.0000000000633 1150.0
580.0000000000633 1170.0
2020.0000000005275 1180.0
580.0000000000633 1190.0
2020.0000000005275 1200.0
580.0000000000633 1210.0
2020.0000000005275 1220.0
590.0000000000656 1050.0
2010.0000000005366 1080.0
2010.0000000005366 1100.0
590.0000000000656 1150.0
2010.0000000005366 1160.0
590.0000000000656 1170.0
2010.0000000005366 1180.0
2010.0000000005366 1200.0
590.0000000000656 1210.0
2010.0000000005366 1220.0
590.0000000000656 1750.0
2000.0000000005457 1040.0
2000.0000000005457 1060.0
2000.0000000005457 1080.0
2000.0000000005457 1100.0
600.0000000000679 1150.0
2000.0000000005457 1160.0
600.0000000000679 1170.0
2000.0000000005457 1180.0
600.0000000000679 1190.0
2000.0000000005457 1200.0
600.0000000000679 1210.0
2000.0000000005457 1220.0
1990.0000000005548 1060.0
1990.0000000005548 1080.0
610.0000000000701 1170.0
1990.0000000005548 1180.0
1990.0000000005548 1200.0
1990.0000000005548 1220.0
1980.000000000564 1080.0
620.0000000000724 1170.0
1980.000000000564 1180.0
620.0000000000724 1190.0
1980.000000000564 1200.0
620.0000000000724 1210.0
1980.000000000564 1220.0
620.0000000000724 1230.0
1970.000000000573 1040.0
1970.000000000573 1180.0
1970.000000000573 1200.0
630.0000000000747 1210.0
1970.000000000573 1220.0
1970.000000000573 1240.0
630.0000000000747 1730.0
1960.000000000582 1020.0
1960.000000000582 1180.0
1960.000000000582 1200.0
640.000000000077 1210.0
1960.000000000582 1240.0
650.0000000000792 970.0
1950.0000000005912 1020.0
1950.0000000005912 1040.0
1950.0000000005912 1060.0
650.0000000000792 1170.0
1950.0000000005912 1180.0
650.0000000000792 1210.0
1950.0000000005912 1220.0
650.0000000000792 1230.0
650.0000000000792 1730.0
650.0000000000792 1770.0
660.0000000000815 970.0
660.0000000000815 990.0
1940.0000000006003 1020.0
1940.0000000006003 1060.0
660.0000000000815 1190.0
1940.0000000006003 1200.0
660.0000000000815 1250.0
670.0000000000838 30.0
670.0000000000838 990.0
1930.0000000006094 1000.0
1930.0000000006094 1020.0
1930.0000000006094 1040.0
1930.0000000006094 1060.0
670.0000000000838 1210.0
670.0000000000838 1230.0
1930.0000000006094 1240.0
670.0000000000838 1250.0
1920.0000000006185 1000.0
1920.0000000006185 1020.0
1920.0000000006185 1040.0
1920.0000000006185 1240.0
1920.0000000006185 1260.0
690.0000000000883 970.0
1910.0000000006276 1000.0
1910.0000000006276 1020.0
1910.0000000006276 1060.0
1910.0000000006276 1240.0
690.0000000000883 1250.0
1910.0000000006276 1260.0
1910.0000000006276 1280.0
700.0000000000906 930.0
700.0000000000906 950.0
700.0000000000906 970.0
1900.0000000006366 980.0
1900.0000000006366 1040.0
1900.0000000006366 1060.0
1900.0000000006366 1200.0
700.0000000000906 1230.0
1900.0000000006366 1240.0
710.0000000000929 930.0
710.0000000000929 950.0
1890.0000000006457 980.0
1890.0000000006457 1000.0
1890.0000000006457 1020.0
1890.0000000006457 1040.0
1890.0000000006457 1200.0
1890.0000000006457 1220.0
1890.0000000006457 1300.0
720.0000000000952 950.0
720.0000000000952 990.0
1880.0000000006548 1000.0
1880.0000000006548 1040.0
1880.0000000006548 1060.0
1880.0000000006548 1280.0
1880.0000000006548 1300.0
730.0000000000974 970.0
730.0000000000974 990.0
1870.000000000664 1240.0
1870.000000000664 1260.0
1870.000000000664 1280.0
1870.000000000664 1300.0
1870.000000000664 1320.0
1860.000000000673 940.0
1860.000000000673 1240.0
1860.000000000673 1280.0
1860.000000000673 1320.0
750.000000000102 910.0
750.000000000102 930.0
1850.0000000006821 940.0
750.000000000102 970.0
1850.0000000006821 1020.0
1850.0000000006821 1240.0
1850.0000000006821 1260.0
1850.0000000006821 1280.0
1850.0000000006821 1300.0
760.0000000001043 950.0
1840.0000000006912 960.0
1840.0000000006912 1000.0
1840.0000000006912 1020.0
1840.0000000006912 1240.0
1840.0000000006912 1280.0
1840.0000000006912 1300.0
1830.0000000007003 0.0
770.0000000001065 630.0
770.0000000001065 650.0
1820.0000000007094 940.0
1820.0000000007094 980.0
1820.0000000007094 1000.0
780.0000000001088 1210.0
780.0000000001088 1230.0
1820.0000000007094 1240.0
1820.0000000007094 1260.0
1820.0000000007094 1280.0
1820.0000000007094 1300.0
1820.0000000007094 1320.0
790.0000000001111 670.0
1810.0000000007185 940.0
1810.0000000007185 960.0
1810.0000000007185 980.0
1810.0000000007185 1000.0
1810.0000000007185 1020.0
790.0000000001111 1210.0
790.0000000001111 1230.0
1810.0000000007185 1240.0
790.0000000001111 1250.0
1810.0000000007185 1260.0
790.0000000001111 1270.0
1810.0000000007185 1280.0
1810.0000000007185 1320.0
1800.0000000007276 940.0
1800.0000000007276 960.0
1800.0000000007276 980.0
800.0000000001133 1210.0
800.0000000001133 1230.0
1800.0000000007276 1240.0
1800.0000000007276 1260.0
1800.0000000007276 1280.0
1800.0000000007276 1300.0
1800.0000000007276 1320.0
1790.0000000007367 960.0
1790.0000000007367 980.0
1790.0000000007367 1000.0
1790.0000000007367 1020.0
810.0000000001156 1210.0
1790.0000000007367 1220.0
810.0000000001156 1250.0
810.0000000001156 1270.0
1790.0000000007367 1280.0
1790.0000000007367 1300.0
1790.0000000007367 1320.0
1780.0000000007458 540.0
1780.0000000007458 960.0
820.0000000001179 1170.0
820.0000000001179 1190.0
820.0000000001179 1210.0
1780.0000000007458 1220.0
820.0000000001179 1230.0
1780.0000000007458 1260.0
1780.0000000007458 1300.0
830.0000000001202 990.0
1770.0000000007549 1000.0
830.0000000001202 1010.0
1770.0000000007549 1040.0
830.0000000001202 1170.0
830.0000000001202 1190.0
1770.0000000007549 1200.0
1770.0000000007549 1220.0
830.0000000001202 1230.0
1770.0000000007549 1240.0
830.0000000001202 1250.0
1770.0000000007549 1260.0
1770.0000000007549 1280.0
1770.0000000007549 1300.0
840.0000000001224 990.0
1760.000000000764 1000.0
840.0000000001224 1010.0
1760.000000000764 1040.0
1760.000000000764 1060.0
840.0000000001224 1190.0
840.0000000001224 1210.0
1760.000000000764 1220.0
1760.000000000764 1240.0
1760.000000000764 1260.0
1760.000000000764 1280.0
850.0000000001247 990.0
850.0000000001247 1010.0
1750.000000000773 1040.0
850.0000000001247 1170.0
1750.000000000773 1200.0
850.0000000001247 1210.0
1750.000000000773 1240.0
1750.000000000773 1280.0
860.000000000127 990.0
860.000000000127 1010.0
1740.0000000007822 1040.0
1740.0000000007822 1060.0
860.000000000127 1170.0
860.000000000127 1190.0
1740.0000000007822 1200.0
860.000000000127 1210.0
860.000000000127 1230.0
1740.0000000007822 1240.0
870.0000000001293 990.0
870.0000000001293 1010.0
870.0000000001293 1170.0
1730.0000000007913 1200.0
870.0000000001293 1210.0
1730.0000000007913 1220.0
1730.0000000007913 1240.0
1730.0000000007913 1260.0
880.0000000001315 1010.0
1720.0000000008004 1020.0
880.0000000001315 1170.0
1720.0000000008004 1200.0
880.0000000001315 1210.0
1720.0000000008004 1220.0
1720.0000000008004 1260.0
1710.0000000008095 540.0
1710.0000000008095 560.0
890.0000000001338 1010.0
1710.0000000008095 1040.0
1710.0000000008095 1060.0
1710.0000000008095 1080.0
890.0000000001338 1150.0
890.0000000001338 1170.0
1710.0000000008095 1200.0
890.0000000001338 1210.0
1710.0000000008095 1220.0
1700.0000000008185 540.0
1700.0000000008185 560.0
1700.0000000008185 1020.0
1700.0000000008185 1060.0
1700.0000000008185 1080.0
900.0000000001361 1150.0
1700.0000000008185 1180.0
1700.0000000008185 1200.0
1700.0000000008185 1220.0
1700.0000000008185 1240.0
1690.0000000008276 540.0
1690.0000000008276 560.0
1690.0000000008276 1020.0
1690.0000000008276 1060.0
1690.0000000008276 1080.0
910.0000000001384 1150.0
910.0000000001384 1170.0
1690.0000000008276 1180.0
1690.0000000008276 1200.0
1690.0000000008276 1220.0
1690.0000000008276 1240.0
910.0000000001384 1550.0
1680.0000000008367 520.0
1680.0000000008367 540.0
1680.0000000008367 560.0
1680.0000000008367 580.0
920.0000000001406 1010.0
1680.0000000008367 1040.0
1680.0000000008367 1060.0
920.0000000001406 1150.0
920.0000000001406 1170.0
1680.0000000008367 1180.0
1680.0000000008367 1200.0
1680.0000000008367 1220.0
920.0000000001406 1550.0
1670.0000000008458 520.0
1670.0000000008458 540.0
1670.0000000008458 560.0
1670.0000000008458 580.0
1670.0000000008458 1060.0
1670.0000000008458 1080.0
930.0000000001429 1090.0
930.0000000001429 1150.0
930.0000000001429 1170.0
1670.0000000008458 1180.0
1670.0000000008458 1220.0
930.0000000001429 1530.0
930.0000000001429 1550.0
930.0000000001429 1570.0
1660.000000000855 520.0
1660.000000000855 540.0
1660.000000000855 560.0
1660.000000000855 580.0
1660.000000000855 1040.0
1660.000000000855 1080.0
940.0000000001452 1130.0
940.0000000001452 1150.0
940.0000000001452 1170.0
1660.000000000855 1180.0
1660.000000000855 1200.0
940.0000000001452 1530.0
940.0000000001452 1550.0
1660.000000000855 1560.0
1650.000000000864 520.0
1650.000000000864 540.0
1650.000000000864 560.0
1650.000000000864 600.0
1650.000000000864 1060.0
1650.000000000864 1080.0
1650.000000000864 1100.0
950.0000000001475 1150.0
950.0000000001475 1170.0
1650.000000000864 1200.0
1650.000000000864 1220.0
950.0000000001475 1550.0
1650.000000000864 1560.0
950.0000000001475 1570.0
1640.0000000008731 500.0
1640.0000000008731 520.0
1640.0000000008731 540.0
1640.0000000008731 560.0
1640.0000000008731 580.0
1640.0000000008731 600.0
1640.0000000008731 1040.0
1640.0000000008731 1060.0
1640.0000000008731 1080.0
960.0000000001497 1150.0
960.0000000001497 1170.0
1640.0000000008731 1180.0
1640.0000000008731 1560.0
960.0000000001497 1570.0
1640.0000000008731 1580.0
960.0000000001497 1590.0
1630.0000000008822 500.0
1630.0000000008822 520.0
1630.0000000008822 540.0
970.000000000152 550.0
1630.0000000008822 560.0
1630.0000000008822 1060.0
1630.0000000008822 1080.0
1630.0000000008822 1100.0
970.000000000152 1130.0
970.000000000152 1150.0
1630.0000000008822 1160.0
970.000000000152 1170.0
1630.0000000008822 1200.0
1630.0000000008822 1220.0
1630.0000000008822 1520.0
970.000000000152 1550.0
1630.0000000008822 1580.0
970.000000000152 1590.0
1620.0000000008913 20.0
1620.0000000008913 480.0
1620.0000000008913 500.0
1620.0000000008913 520.0
980.0000000001543 530.0
1620.0000000008913 540.0
980.0000000001543 550.0
1620.0000000008913 580.0
1620.0000000008913 600.0
1620.0000000008913 1040.0
1620.0000000008913 1120.0
980.0000000001543 1130.0
1620.0000000008913 1140.0
980.0000000001543 1150.0
980.0000000001543 1170.0
1620.0000000008913 1180.0
1620.0000000008913 1200.0
980.0000000001543 1510.0
1620.0000000008913 1520.0
980.0000000001543 1530.0
980.0000000001543 1550.0
1620.0000000008913 1560.0
980.0000000001543 1570.0
1610.0000000009004 500.0
990.0000000001565 530.0
1610.0000000009004 540.0
990.0000000001565 550.0
1610.0000000009004 560.0
990.0000000001565 570.0
1610.0000000009004 580.0
1610.0000000009004 600.0
1610.0000000009004 620.0
1610.0000000009004 1040.0
1610.0000000009004 1060.0
990.0000000001565 1110.0
1610.0000000009004 1120.0
1610.0000000009004 1140.0
990.0000000001565 1150.0
1610.0000000009004 1160.0
990.0000000001565 1170.0
1610.0000000009004 1180.0
1610.0000000009004 1220.0
1610.0000000009004 1520.0
990.0000000001565 1530.0
990.0000000001565 1550.0
1610.0000000009004 1560.0
990.0000000001565 1570.0
1610.0000000009004 1580.0
990.0000000001565 1590.0
1610.0000000009004 1600.0
1600.0000000009095 80.0
1600.0000000009095 480.0
1000.0000000001588 510.0
1600.0000000009095 520.0
1000.0000000001588 530.0
1600.0000000009095 540.0
1000.0000000001588 550.0
1600.0000000009095 560.0
1000.0000000001588 570.0
1600.0000000009095 580.0
1600.0000000009095 600.0
1600.0000000009095 620.0
1000.0000000001588 1090.0
1600.0000000009095 1100.0
1000.0000000001588 1110.0
1600.0000000009095 1120.0
1600.0000000009095 1160.0
1000.0000000001588 1170.0
1600.0000000009095 1180.0
1000.0000000001588 1490.0
1600.0000000009095 1520.0
1000.0000000001588 1530.0
1000.0000000001588 1550.0
1600.0000000009095 1560.0
1000.0000000001588 1570.0
1600.0000000009095 1580.0
1000.0000000001588 1590.0
1600.0000000009095 1600.0
1000.0000000001588 1610.0
1590.0000000009186 480.0
1590.0000000009186 500.0
1010.0000000001611 510.0
1010.0000000001611 530.0
1010.0000000001611 550.0
1590.0000000009186 560.0
1010.0000000001611 570.0
1590.0000000009186 600.0
1590.0000000009186 620.0
1590.0000000009186 1060.0
1590.0000000009186 1080.0
1010.0000000001611 1090.0
1010.0000000001611 1110.0
1590.0000000009186 1120.0
1010.0000000001611 1130.0
1590.0000000009186 1160.0
1010.0000000001611 1170.0
1590.0000000009186 1180.0
1010.0000000001611 1490.0
1590.0000000009186 1500.0
1590.0000000009186 1520.0
1010.0000000001611 1550.0
1590.0000000009186 1560.0
1010.0000000001611 1570.0
1590.0000000009186 1580.0
1010.0000000001611 1590.0
1590.0000000009186 1600.0
1010.0000000001611 1610.0
1020.0000000001634 390.0
1580.0000000009277 480.0
1020.0000000001634 510.0
1580.0000000009277 520.0
1020.0000000001634 530.0
1020.0000000001634 550.0
1580.0000000009277 560.0
1020.0000000001634 570.0
1580.0000000009277 580.0
1020.0000000001634 1050.0
1580.0000000009277 1060.0
1580.0000000009277 1080.0
1020.0000000001634 1090.0
1580.0000000009277 1100.0
1020.0000000001634 1110.0
1580.0000000009277 1120.0
1020.0000000001634 1130.0
1580.0000000009277 1140.0
1020.0000000001634 1150.0
1580.0000000009277 1160.0
1020.0000000001634 1170.0
1580.0000000009277 1180.0
1020.0000000001634 1490.0
1580.0000000009277 1500.0
1020.0000000001634 1510.0
1580.0000000009277 1520.0
1020.0000000001634 1530.0
1020.0000000001634 1550.0
1580.0000000009277 1560.0
1020.0000000001634 1570.0
1580.0000000009277 1580.0
1020.0000000001634 1590.0
1580.0000000009277 1600.0
1020.0000000001634 1610.0
1030.0000000001587 390.0
1030.0000000001587 410.0
1570.0000000009368 460.0
1570.0000000009368 500.0
1030.0000000001587 510.0
1570.0000000009368 520.0
1570.0000000009368 540.0
1030.0000000001587 550.0
1570.0000000009368 560.0
1570.0000000009368 580.0
1570.0000000009368 600.0
1570.0000000009368 620.0
1030.0000000001587 1050.0
1570.0000000009368 1060.0
1570.0000000009368 1080.0
1030.0000000001587 1090.0
1570.0000000009368 1100.0
1030.0000000001587 1110.0
1570.0000000009368 1120.0
1030.0000000001587 1130.0
1570.0000000009368 1140.0
1030.0000000001587 1150.0
1570.0000000009368 1160.0
1030.0000000001587 1170.0
1570.0000000009368 1180.0
1570.0000000009368 1200.0
1030.0000000001587 1490.0
1570.0000000009368 1500.0
1030.0000000001587 1510.0
1570.0000000009368 1520.0
1030.0000000001587 1530.0
1030.0000000001587 1550.0
1570.0000000009368 1560.0
1030.0000000001587 1570.0
1570.0000000009368 1580.0
1030.0000000001587 1590.0
1570.0000000009368 1600.0
1030.0000000001587 1610.0
1570.0000000009368 1620.0
1030.0000000001587 1630.0
1560.0000000009459 0.0
1560.0000000009459 200.0
1040.0000000001496 410.0
1040.0000000001496 430.0
1040.0000000001496 450.0
1560.0000000009459 460.0
1560.0000000009459 480.0
1560.0000000009459 500.0
1560.0000000009459 520.0
1560.0000000009459 540.0
1040.0000000001496 550.0
1040.0000000001496 1050.0
1560.0000000009459 1060.0
1040.0000000001496 1090.0
1560.0000000009459 1100.0
1040.0000000001496 1110.0
1560.0000000009459 1120.0
1040.0000000001496 1130.0
1560.0000000009459 1140.0
1040.0000000001496 1150.0
1560.0000000009459 1180.0
1040.0000000001496 1470.0
1040.0000000001496 1490.0
1560.0000000009459 1520.0
1040.0000000001496 1530.0
1040.0000000001496 1550.0
1040.0000000001496 1570.0
1560.0000000009459 1580.0
1040.0000000001496 1590.0
1560.0000000009459 1600.0
1040.0000000001496 1610.0
1560.0000000009459 1620.0
1040.0000000001496 1630.0
1050.0000000001405 410.0
1550.000000000955 460.0
1550.000000000955 540.0
1550.000000000955 580.0
1050.0000000001405 590.0
1550.000000000955 620.0
1550.000000000955 640.0
1550.000000000955 1080.0
1050.0000000001405 1090.0
1550.000000000955 1100.0
1050.0000000001405 1110.0
1550.000000000955 1120.0
1550.000000000955 1140.0
1050.0000000001405 1150.0
1550.000000000955 1160.0
1550.000000000955 1180.0
1050.0000000001405 1470.0
1550.000000000955 1480.0
1050.0000000001405 1490.0
1550.000000000955 1500.0
1550.000000000955 1520.0
1050.0000000001405 1550.0
1050.0000000001405 1570.0
1550.000000000955 1580.0
1050.0000000001405 1590.0
1550.000000000955 1600.0
1050.0000000001405 1610.0
1550.000000000955 1620.0
1060.0000000001314 430.0
1540.000000000964 460.0
1540.000000000964 480.0
1060.0000000001314 490.0
1540.000000000964 500.0
1540.000000000964 540.0
1540.000000000964 560.0
1060.0000000001314 570.0
1540.000000000964 580.0
1540.000000000964 600.0
1060.0000000001314 1090.0
1540.000000000964 1100.0
1060.0000000001314 1110.0
1540.000000000964 1120.0
1540.000000000964 1140.0
1540.000000000964 1160.0
1540.000000000964 1180.0
1060.0000000001314 1470.0
1540.000000000964 1480.0
1060.0000000001314 1490.0
1540.000000000964 1500.0
1060.0000000001314 1510.0
1540.000000000964 1520.0
1060.0000000001314 1530.0
1060.0000000001314 1550.0
1060.0000000001314 1570.0
1540.000000000964 1580.0
1060.0000000001314 1590.0
1540.000000000964 1600.0
1540.000000000964 1620.0
1060.0000000001314 1630.0
1530.0000000009732 120.0
1070.0000000001223 410.0
1530.0000000009732 520.0
1070.0000000001223 530.0
1530.0000000009732 600.0
1070.0000000001223 1090.0
1530.0000000009732 1100.0
1070.0000000001223 1110.0
1530.0000000009732 1120.0
1530.0000000009732 1140.0
1070.0000000001223 1150.0
1530.0000000009732 1160.0
1530.0000000009732 1180.0
1070.0000000001223 1470.0
1530.0000000009732 1480.0
1070.0000000001223 1490.0
1070.0000000001223 1510.0
1530.0000000009732 1520.0
1530.0000000009732 1540.0
1070.0000000001223 1550.0
1070.0000000001223 1570.0
1530.0000000009732 1580.0
1070.0000000001223 1590.0
1530.0000000009732 1600.0
1070.0000000001223 1610.0
1530.0000000009732 1620.0
1070.0000000001223 1630.0
1520.0000000009823 460.0
1520.0000000009823 500.0
1080.0000000001132 510.0
1520.0000000009823 580.0
1080.0000000001132 590.0
1520.0000000009823 600.0
1520.0000000009823 640.0
1080.0000000001132 1090.0
1080.0000000001132 1110.0
1520.0000000009823 1120.0
1080.0000000001132 1130.0
1520.0000000009823 1140.0
1520.0000000009823 1160.0
1080.0000000001132 1470.0
1080.0000000001132 1490.0
1520.0000000009823 1500.0
1080.0000000001132 1510.0
1520.0000000009823 1520.0
1080.0000000001132 1530.0
1520.0000000009823 1540.0
1520.0000000009823 1560.0
1080.0000000001132 1590.0
1520.0000000009823 1600.0
1080.0000000001132 1610.0
1080.0000000001132 1630.0
1520.0000000009823 1640.0
1510.0000000009913 580.0
1090.0000000001041 1090.0
1090.0000000001041 1110.0
1510.0000000009913 1120.0
1090.0000000001041 1130.0
1510.0000000009913 1160.0
1510.0000000009913 1480.0
1090.0000000001041 1490.0
1510.0000000009913 1500.0
1090.0000000001041 1510.0
1510.0000000009913 1520.0
1090.0000000001041 1530.0
1510.0000000009913 1540.0
1510.0000000009913 1560.0
1090.0000000001041 1570.0
1510.0000000009913 1580.0
1090.0000000001041 1590.0
1510.0000000009913 1600.0
1510.0000000009913 1620.0
1090.0000000001041 1630.0
1510.0000000009913 1640.0
1500.0000000010004 200.0
1100.000000000095 430.0
1100.000000000095 470.0
1500.0000000010004 480.0
1100.000000000095 490.0
1100.000000000095 590.0
1500.0000000010004 620.0
1100.000000000095 1090.0
1500.0000000010004 1100.0
1100.000000000095 1110.0
1100.000000000095 1130.0
1500.0000000010004 1140.0
1500.0000000010004 1460.0
1100.000000000095 1470.0
1100.000000000095 1490.0
1500.0000000010004 1500.0
1100.000000000095 1510.0
1500.0000000010004 1520.0
1100.000000000095 1530.0
1500.0000000010004 1540.0
1500.0000000010004 1560.0
1500.0000000010004 1580.0
1100.000000000095 1590.0
1100.000000000095 1610.0
1500.0000000010004 1620.0
1100.000000000095 1630.0
1500.0000000010004 1640.0
1100.000000000095 1650.0
1490.0000000010095 460.0
1110.000000000086 470.0
1490.0000000010095 600.0
1490.0000000010095 620.0
1490.0000000010095 640.0
1490.0000000010095 1100.0
1110.000000000086 1110.0
1490.0000000010095 1120.0
1490.0000000010095 1460.0
1110.000000000086 1470.0
1490.0000000010095 1480.0
1110.000000000086 1490.0
1490.0000000010095 1500.0
1110.000000000086 1510.0
1490.0000000010095 1520.0
1490.0000000010095 1540.0
1490.0000000010095 1580.0
1110.000000000086 1590.0
1110.000000000086 1610.0
1490.0000000010095 1620.0
1110.000000000086 1630.0
1490.0000000010095 1640.0
1110.000000000086 1650.0
1480.0000000010186 440.0
1480.0000000010186 480.0
1480.0000000010186 500.0
1120.0000000000769 510.0
1480.0000000010186 600.0
1480.0000000010186 620.0
1120.0000000000769 630.0
1120.0000000000769 1110.0
1480.0000000010186 1120.0
1480.0000000010186 1140.0
1480.0000000010186 1160.0
1120.0000000000769 1450.0
1480.0000000010186 1460.0
1120.0000000000769 1470.0
1480.0000000010186 1480.0
1120.0000000000769 1490.0
1480.0000000010186 1500.0
1480.0000000010186 1520.0
1480.0000000010186 1580.0
1120.0000000000769 1590.0
1480.0000000010186 1600.0
1120.0000000000769 1610.0
1480.0000000010186 1620.0
1120.0000000000769 1630.0
1480.0000000010186 1640.0
1120.0000000000769 1650.0
1470.0000000010277 440.0
1470.0000000010277 500.0
1130.0000000000678 590.0
1130.0000000000678 610.0
1470.0000000010277 620.0
1130.0000000000678 630.0
1470.0000000010277 1140.0
1130.0000000000678 1450.0
1470.0000000010277 1460.0
1130.0000000000678 1470.0
1470.0000000010277 1480.0
1130.0000000000678 1490.0
1470.0000000010277 1500.0
1130.0000000000678 1510.0
1470.0000000010277 1580.0
1130.0000000000678 1590.0
1130.0000000000678 1610.0
1130.0000000000678 1630.0
1470.0000000010277 1640.0
1130.0000000000678 1650.0
1460.0000000010368 440.0
1460.0000000010368 460.0
1460.0000000010368 480.0
1140.0000000000587 490.0
1140.0000000000587 570.0
1140.0000000000587 610.0
1460.0000000010368 620.0
1140.0000000000587 630.0
1460.0000000010368 640.0
1460.0000000010368 660.0
1460.0000000010368 1140.0
1140.0000000000587 1450.0
1460.0000000010368 1460.0
1140.0000000000587 1470.0
1460.0000000010368 1480.0
1140.0000000000587 1490.0
1460.0000000010368 1500.0
1140.0000000000587 1510.0
1460.0000000010368 1520.0
1460.0000000010368 1580.0
1140.0000000000587 1610.0
1460.0000000010368 1620.0
1140.0000000000587 1630.0
1460.0000000010368 1640.0
1140.0000000000587 1650.0
1450.000000001046 440.0
1150.0000000000496 610.0
1450.000000001046 620.0
1150.0000000000496 630.0
1150.0000000000496 1450.0
1450.000000001046 1460.0
1150.0000000000496 1470.0
1450.000000001046 1480.0
1150.0000000000496 1490.0
1450.000000001046 1500.0
1150.0000000000496 1610.0
1450.000000001046 1620.0
1150.0000000000496 1630.0
1450.000000001046 1640.0
1150.0000000000496 1650.0
1440.000000001055 420.0
1440.000000001055 440.0
1160.0000000000405 450.0
1440.000000001055 460.0
1160.0000000000405 470.0
1160.0000000000405 590.0
1440.000000001055 660.0
1440.000000001055 1460.0
1160.0000000000405 1470.0
1440.000000001055 1480.0
1160.0000000000405 1490.0
1160.0000000000405 1610.0
1440.000000001055 1620.0
1160.0000000000405 1630.0
1440.000000001055 1640.0
1160.0000000000405 1650.0
1160.0000000000405 1670.0
1170.0000000000314 450.0
1170.0000000000314 470.0
1170.0000000000314 490.0
1170.0000000000314 630.0
1170.0000000000314 650.0
1430.000000001064 660.0
1170.0000000000314 1430.0
1170.0000000000314 1450.0
1430.000000001064 1460.0
1170.0000000000314 1470.0
1430.000000001064 1480.0
1170.0000000000314 1490.0
1430.000000001064 1500.0
1430.000000001064 1600.0
1170.0000000000314 1610.0
1430.000000001064 1620.0
1170.0000000000314 1630.0
1430.000000001064 1640.0
1170.0000000000314 1650.0
1430.000000001064 1660.0
1170.0000000000314 1670.0
1420.0000000010732 420.0
1420.0000000010732 440.0
1180.0000000000223 470.0
1180.0000000000223 510.0
1180.0000000000223 590.0
1180.0000000000223 610.0
1420.0000000010732 640.0
1420.0000000010732 680.0
1180.0000000000223 1430.0
1420.0000000010732 1440.0
1420.0000000010732 1460.0
1420.0000000010732 1480.0
1180.0000000000223 1490.0
1420.0000000010732 1500.0
1420.0000000010732 1600.0
1180.0000000000223 1610.0
1420.0000000010732 1620.0
1180.0000000000223 1630.0
1420.0000000010732 1640.0
1180.0000000000223 1650.0
1180.0000000000223 1670.0
1190.0000000000132 450.0
1410.0000000010823 460.0
1190.0000000000132 470.0
1410.0000000010823 480.0
1190.0000000000132 490.0
1190.0000000000132 610.0
1410.0000000010823 640.0
1410.0000000010823 660.0
1410.0000000010823 700.0
1190.0000000000132 1450.0
1410.0000000010823 1460.0
1410.0000000010823 1480.0
1190.0000000000132 1490.0
1410.0000000010823 1500.0
1190.0000000000132 1610.0
1410.0000000010823 1620.0
1190.0000000000132 1630.0
1410.0000000010823 1640.0
1190.0000000000132 1650.0
1410.0000000010823 1660.0
1190.0000000000132 1670.0
1400.0000000010914 480.0
1200.000000000004 610.0
1200.000000000004 630.0
1400.0000000010914 660.0
1400.0000000010914 680.0
1400.0000000010914 1440.0
1400.0000000010914 1460.0
1200.000000000004 1490.0
1400.0000000010914 1500.0
1200.000000000004 1610.0
1400.0000000010914 1620.0
1200.000000000004 1650.0
1400.0000000010914 1660.0
1200.000000000004 1670.0
1400.0000000010914 1680.0
1200.000000000004 1690.0
1390.0000000011005 420.0
1209.999999999995 430.0
1390.0000000011005 460.0
1209.999999999995 610.0
1390.0000000011005 660.0
1209.999999999995 1450.0
1390.0000000011005 1460.0
1390.0000000011005 1480.0
1209.999999999995 1490.0
1209.999999999995 1610.0
1390.0000000011005 1620.0
1390.0000000011005 1640.0
1209.999999999995 1650.0
1390.0000000011005 1660.0
1390.0000000011005 1680.0
1209.999999999995 1690.0
1380.0000000011096 420.0
1219.999999999986 450.0
1380.0000000011096 460.0
1219.999999999986 470.0
1219.999999999986 490.0
1219.999999999986 610.0
1380.0000000011096 640.0
1219.999999999986 1450.0
1380.0000000011096 1460.0
1380.0000000011096 1480.0
1219.999999999986 1630.0
1380.0000000011096 1640.0
1219.999999999986 1650.0
1380.0000000011096 1660.0
1219.999999999986 1670.0
1380.0000000011096 1680.0
1219.999999999986 1690.0
1219.999999999986 1710.0
1370.0000000011187 400.0
1229.9999999999768 450.0
1370.0000000011187 700.0
1370.0000000011187 720.0
1370.0000000011187 740.0
1370.0000000011187 1480.0
1370.0000000011187 1620.0
1229.9999999999768 1650.0
1370.0000000011187 1660.0
1229.9999999999768 1670.0
1370.0000000011187 1680.0
1229.9999999999768 1690.0
1229.9999999999768 1710.0
1360.0000000011278 400.0
1360.0000000011278 660.0
1360.0000000011278 680.0
1360.0000000011278 700.0
1360.0000000011278 720.0
1239.9999999999677 1410.0
1360.0000000011278 1480.0
1360.0000000011278 1620.0
1239.9999999999677 1630.0
1360.0000000011278 1640.0
1239.9999999999677 1650.0
1360.0000000011278 1660.0
1239.9999999999677 1670.0
1360.0000000011278 1680.0
1239.9999999999677 1690.0
1360.0000000011278 1700.0
1239.9999999999677 1710.0
1239.9999999999677 1730.0
1350.0000000011369 420.0
1350.0000000011369 440.0
1249.9999999999586 470.0
1249.9999999999586 490.0
1350.0000000011369 680.0
1350.0000000011369 700.0
1350.0000000011369 720.0
1350.0000000011369 740.0
1249.9999999999586 1410.0
1249.9999999999586 1430.0
1350.0000000011369 1660.0
1249.9999999999586 1670.0
1350.0000000011369 1680.0
1249.9999999999586 1690.0
1350.0000000011369 1700.0
1249.9999999999586 1710.0
1350.0000000011369 1720.0
1249.9999999999586 1730.0
1340.000000001146 420.0
1259.9999999999495 490.0
1340.000000001146 680.0
1340.000000001146 700.0
1340.000000001146 720.0
1340.000000001146 740.0
1259.9999999999495 1410.0
1259.9999999999495 1450.0
1340.000000001146 1460.0
1340.000000001146 1480.0
1259.9999999999495 1650.0
1340.000000001146 1660.0
1259.9999999999495 1670.0
1340.000000001146 1680.0
1259.9999999999495 1690.0
1340.000000001146 1700.0
1259.9999999999495 1710.0
1340.000000001146 1720.0
1259.9999999999495 1730.0
1330.000000001155 680.0
1269.9999999999404 710.0
1330.000000001155 720.0
1330.000000001155 740.0
1269.9999999999404 1350.0
1269.9999999999404 1370.0
1269.9999999999404 1410.0
1269.9999999999404 1430.0
1330.000000001155 1640.0
1330.000000001155 1660.0
1330.000000001155 1680.0
1269.9999999999404 1690.0
1330.000000001155 1700.0
1269.9999999999404 1710.0
1330.000000001155 1720.0
1269.9999999999404 1730.0
1330.000000001155 1740.0
1269.9999999999404 1750.0
1320.0000000011642 420.0
1320.0000000011642 680.0
1279.9999999999313 690.0
1320.0000000011642 700.0
1279.9999999999313 710.0
1320.0000000011642 740.0
1279.9999999999313 1350.0
1320.0000000011642 1360.0
1320.0000000011642 1380.0
1320.0000000011642 1400.0
1279.9999999999313 1410.0
1279.9999999999313 1430.0
1320.0000000011642 1660.0
1279.9999999999313 1670.0
1279.9999999999313 1690.0
1320.0000000011642 1700.0
1279.9999999999313 1710.0
1320.0000000011642 1720.0
1279.9999999999313 1730.0
1320.0000000011642 1740.0
1279.9999999999313 1750.0
1289.9999999999222 630.0
1289.9999999999222 710.0
1310.0000000011732 720.0
1289.9999999999222 730.0
1310.0000000011732 740.0
1310.0000000011732 1360.0
1310.0000000011732 1400.0
1310.0000000011732 1420.0
1310.0000000011732 1680.0
1310.0000000011732 1700.0
1310.0000000011732 1720.0
1310.0000000011732 1740.0
1299.9999999999131 70.0
1299.9999999999131 450.0
1300.0000000011823 460.0
1300.0000000011823 640.0
1299.9999999999131 650.0
1299.9999999999131 690.0
1299.9999999999131 710.0
1300.0000000011823 720.0
1299.9999999999131 730.0
1300.0000000011823 740.0
1299.9999999999131 1350.0
1300.0000000011823 1360.0
1299.9999999999131 1370.0
1299.9999999999131 1390.0
1300.0000000011823 1400.0
1299.9999999999131 1410.0
1300.0000000011823 1420.0
1300.0000000011823 1440.0
1300.0000000011823 1660.0
1299.9999999999131 1670.0
1300.0000000011823 1680.0
1299.9999999999131 1690.0
1300.0000000011823 1700.0
1299.9999999999131 1710.0
1300.0000000011823 1720.0
1299.9999999999131 1730.0
1300.0000000011823 1740.0
1299.9999999999131 1750.0
1309.999999999904 50.0
1290.0000000011914 440.0
1309.999999999904 450.0
1309.999999999904 650.0
1309.999999999904 670.0
1309.999999999904 690.0
1290.0000000011914 700.0
1309.999999999904 710.0
1290.0000000011914 720.0
1309.999999999904 730.0
1309.999999999904 1370.0
1309.999999999904 1410.0
1309.999999999904 1430.0
1309.999999999904 1450.0
1309.999999999904 1670.0
1309.999999999904 1690.0
1309.999999999904 1710.0
1309.999999999904 1730.0
1309.999999999904 1750.0
1319.999999999895 430.0
1319.999999999895 670.0
1319.999999999895 690.0
1319.999999999895 710.0
1280.0000000012005 720.0
1319.999999999895 750.0
1319.999999999895 1370.0
1280.0000000012005 1400.0
1319.999999999895 1410.0
1280.0000000012005 1440.0
1319.999999999895 1650.0
1319.999999999895 1670.0
1319.999999999895 1710.0
1280.0000000012005 1720.0
1319.999999999895 1730.0
1280.0000000012005 1740.0
1329.9999999998859 690.0
1329.9999999998859 710.0
1329.9999999998859 750.0
1270.0000000012096 1380.0
1270.0000000012096 1400.0
1270.0000000012096 1440.0
1329.9999999998859 1650.0
1270.0000000012096 1660.0
1329.9999999998859 1670.0
1270.0000000012096 1680.0
1329.9999999998859 1690.0
1270.0000000012096 1700.0
1329.9999999998859 1710.0
1270.0000000012096 1720.0
1329.9999999998859 1730.0
1270.0000000012096 1740.0
1339.9999999998768 410.0
1339.9999999998768 430.0
1260.0000000012187 480.0
1260.0000000012187 700.0
1339.9999999998768 710.0
1339.9999999998768 730.0
1260.0000000012187 1360.0
1260.0000000012187 1400.0
1260.0000000012187 1420.0
1260.0000000012187 1440.0
1339.9999999998768 1630.0
1339.9999999998768 1650.0
1260.0000000012187 1660.0
1339.9999999998768 1670.0
1260.0000000012187 1680.0
1339.9999999998768 1690.0
1260.0000000012187 1700.0
1339.9999999998768 1710.0
1260.0000000012187 1720.0
1339.9999999998768 1730.0
1260.0000000012187 1740.0
1250.0000000012278 80.0
1349.9999999998677 430.0
1349.9999999998677 670.0
1349.9999999998677 690.0
1349.9999999998677 710.0
1349.9999999998677 730.0
1250.0000000012278 1420.0
1250.0000000012278 1440.0
1349.9999999998677 1470.0
1250.0000000012278 1640.0
1349.9999999998677 1650.0
1250.0000000012278 1660.0
1349.9999999998677 1670.0
1250.0000000012278 1680.0
1349.9999999998677 1690.0
1250.0000000012278 1700.0
1349.9999999998677 1710.0
1250.0000000012278 1720.0
1250.0000000012278 1740.0
1359.9999999998586 410.0
1240.000000001237 480.0
1359.9999999998586 650.0
1359.9999999998586 670.0
1359.9999999998586 690.0
1359.9999999998586 710.0
1359.9999999998586 730.0
1240.000000001237 1400.0
1240.000000001237 1640.0
1359.9999999998586 1650.0
1240.000000001237 1660.0
1359.9999999998586 1670.0
1240.000000001237 1680.0
1359.9999999998586 1690.0
1240.000000001237 1700.0
1359.9999999998586 1710.0
1240.000000001237 1720.0
1369.9999999998495 430.0
1369.9999999998495 450.0
1230.000000001246 460.0
1230.000000001246 480.0
1230.000000001246 660.0
1369.9999999998495 690.0
1369.9999999998495 710.0
1369.9999999998495 730.0
1369.9999999998495 1470.0
1369.9999999998495 1490.0
1369.9999999998495 1610.0
1230.000000001246 1620.0
1369.9999999998495 1630.0
1230.000000001246 1640.0
1369.9999999998495 1650.0
1230.000000001246 1660.0
1369.9999999998495 1670.0
1230.000000001246 1680.0
1369.9999999998495 1690.0
1230.000000001246 1700.0
1230.000000001246 1720.0
1379.9999999998404 390.0
1379.9999999998404 410.0
1220.000000001255 460.0
1220.000000001255 480.0
1220.000000001255 620.0
1379.9999999998404 630.0
1379.9999999998404 730.0
1379.9999999998404 1450.0
1379.9999999998404 1470.0
1379.9999999998404 1490.0
1379.9999999998404 1610.0
1220.000000001255 1620.0
1379.9999999998404 1630.0
1220.000000001255 1640.0
1220.000000001255 1660.0
1379.9999999998404 1670.0
1220.000000001255 1680.0
1379.9999999998404 1690.0
1220.000000001255 1700.0
1389.9999999998313 90.0
1389.9999999998313 390.0
1389.9999999998313 430.0
1389.9999999998313 450.0
1210.0000000012642 460.0
1210.0000000012642 640.0
1389.9999999998313 650.0
1389.9999999998313 1450.0
1389.9999999998313 1470.0
1389.9999999998313 1490.0
1389.9999999998313 1610.0
1210.0000000012642 1620.0
1210.0000000012642 1640.0
1389.9999999998313 1650.0
1389.9999999998313 1670.0
1210.0000000012642 1680.0
1399.9999999998222 410.0
1399.9999999998222 430.0
1200.0000000012733 440.0
1399.9999999998222 450.0
1200.0000000012733 460.0
1399.9999999998222 470.0
1200.0000000012733 480.0
1200.0000000012733 600.0
1200.0000000012733 620.0
1399.9999999998222 670.0
1200.0000000012733 1440.0
1399.9999999998222 1450.0
1399.9999999998222 1470.0
1399.9999999998222 1490.0
1399.9999999998222 1610.0
1200.0000000012733 1620.0
1399.9999999998222 1630.0
1200.0000000012733 1640.0
1399.9999999998222 1650.0
1200.0000000012733 1660.0
1399.9999999998222 1670.0
1200.0000000012733 1680.0
1409.999999999813 390.0
1409.999999999813 410.0
1190.0000000012824 480.0
1190.0000000012824 600.0
1190.0000000012824 620.0
1409.999999999813 650.0
1409.999999999813 670.0
1409.999999999813 690.0
1409.999999999813 1430.0
1190.0000000012824 1440.0
1409.999999999813 1470.0
1409.999999999813 1490.0
1409.999999999813 1610.0
1190.0000000012824 1620.0
1409.999999999813 1630.0
1190.0000000012824 1640.0
1409.999999999813 1650.0
1190.0000000012824 1660.0
1409.999999999813 1670.0
1190.0000000012824 1680.0
1419.999999999804 410.0
1419.999999999804 430.0
1419.999999999804 450.0
1180.0000000012915 460.0
1180.0000000012915 480.0
1180.0000000012915 600.0
1180.0000000012915 620.0
1180.0000000012915 640.0
1180.0000000012915 1440.0
1419.999999999804 1450.0
1180.0000000012915 1460.0
1419.999999999804 1470.0
1180.0000000012915 1480.0
1419.999999999804 1490.0
1180.0000000012915 1500.0
1419.999999999804 1610.0
1180.0000000012915 1620.0
1180.0000000012915 1640.0
1419.999999999804 1650.0
1180.0000000012915 1660.0
1180.0000000012915 1680.0
1429.999999999795 430.0
1429.999999999795 450.0
1429.999999999795 470.0
1429.999999999795 490.0
1170.0000000013006 600.0
1429.999999999795 670.0
1170.0000000013006 1440.0
1429.999999999795 1450.0
1170.0000000013006 1460.0
1429.999999999795 1470.0
1170.0000000013006 1480.0
1429.999999999795 1490.0
1170.0000000013006 1500.0
1429.999999999795 1510.0
1170.0000000013006 1620.0
1429.999999999795 1630.0
1170.0000000013006 1640.0
1429.999999999795 1650.0
1170.0000000013006 1660.0
1439.9999999997858 430.0
1439.9999999997858 450.0
1160.0000000013097 460.0
1160.0000000013097 520.0
1160.0000000013097 580.0
1160.0000000013097 620.0
1439.9999999997858 1450.0
1439.9999999997858 1470.0
1160.0000000013097 1480.0
1439.9999999997858 1490.0
1160.0000000013097 1500.0
1439.9999999997858 1510.0
1160.0000000013097 1600.0
1439.9999999997858 1610.0
1160.0000000013097 1620.0
1439.9999999997858 1630.0
1160.0000000013097 1640.0
1439.9999999997858 1650.0
1160.0000000013097 1660.0
1449.9999999997767 430.0
1150.0000000013188 480.0
1150.0000000013188 500.0
1150.0000000013188 640.0
1449.9999999997767 670.0
1449.9999999997767 1130.0
1449.9999999997767 1450.0
1150.0000000013188 1460.0
1449.9999999997767 1470.0
1150.0000000013188 1480.0
1449.9999999997767 1490.0
1150.0000000013188 1500.0
1150.0000000013188 1600.0
1449.9999999997767 1610.0
1150.0000000013188 1620.0
1449.9999999997767 1630.0
1150.0000000013188 1640.0
1449.9999999997767 1650.0
1150.0000000013188 1660.0
1459.9999999997676 430.0
1459.9999999997676 450.0
1140.0000000013279 460.0
1140.0000000013279 620.0
1459.9999999997676 630.0
1140.0000000013279 640.0
1459.9999999997676 650.0
1459.9999999997676 1130.0
1459.9999999997676 1450.0
1459.9999999997676 1470.0
1140.0000000013279 1480.0
1459.9999999997676 1490.0
1140.0000000013279 1500.0
1459.9999999997676 1510.0
1140.0000000013279 1600.0
1459.9999999997676 1610.0
1140.0000000013279 1620.0
1459.9999999997676 1630.0
1140.0000000013279 1640.0
1459.9999999997676 1650.0
1130.000000001337 480.0
1469.9999999997585 490.0
1130.000000001337 540.0
1469.9999999997585 610.0
1469.9999999997585 1110.0
1469.9999999997585 1130.0
1469.9999999997585 1150.0
1130.000000001337 1460.0
1469.9999999997585 1470.0
1130.000000001337 1480.0
1469.9999999997585 1510.0
1469.9999999997585 1530.0
1130.000000001337 1600.0
1130.000000001337 1620.0
1469.9999999997585 1630.0
1130.000000001337 1640.0
1469.9999999997585 1650.0
1120.000000001346 560.0
1479.9999999997494 610.0
1479.9999999997494 650.0
1479.9999999997494 1110.0
1479.9999999997494 1130.0
1479.9999999997494 1150.0
1120.000000001346 1460.0
1479.9999999997494 1470.0
1120.000000001346 1480.0
1479.9999999997494 1490.0
1120.000000001346 1500.0
1120.000000001346 1520.0
1479.9999999997494 1530.0
1479.9999999997494 1590.0
1120.000000001346 1600.0
1120.000000001346 1620.0
1120.000000001346 1640.0
1479.9999999997494 1650.0
1489.9999999997403 170.0
1489.9999999997403 450.0
1489.9999999997403 490.0
1110.0000000013551 520.0
1489.9999999997403 610.0
1110.0000000013551 620.0
1489.9999999997403 630.0
1489.9999999997403 650.0
1110.0000000013551 1100.0
1489.9999999997403 1110.0
1489.9999999997403 1130.0
1489.9999999997403 1150.0
1110.0000000013551 1460.0
1489.9999999997403 1470.0
1489.9999999997403 1490.0
1110.0000000013551 1500.0
1489.9999999997403 1510.0
1110.0000000013551 1520.0
1489.9999999997403 1530.0
1110.0000000013551 1580.0
1489.9999999997403 1590.0
1110.0000000013551 1600.0
1489.9999999997403 1610.0
1110.0000000013551 1620.0
1489.9999999997403 1630.0
1110.0000000013551 1640.0
1499.9999999997312 470.0
1499.9999999997312 590.0
1499.9999999997312 610.0
1499.9999999997312 630.0
1499.9999999997312 1090.0
1100.0000000013642 1100.0
1499.9999999997312 1110.0
1100.0000000013642 1120.0
1499.9999999997312 1130.0
1499.9999999997312 1150.0
1100.0000000013642 1460.0
1499.9999999997312 1470.0
1100.0000000013642 1480.0
1100.0000000013642 1500.0
1499.9999999997312 1510.0
1100.0000000013642 1520.0
1499.9999999997312 1530.0
1499.9999999997312 1550.0
1100.0000000013642 1580.0
1499.9999999997312 1590.0
1499.9999999997312 1630.0
1100.0000000013642 1640.0
1509.9999999997221 490.0
1509.9999999997221 650.0
1090.0000000013733 1100.0
1509.9999999997221 1130.0
1509.9999999997221 1150.0
1509.9999999997221 1170.0
1090.0000000013733 1460.0
1509.9999999997221 1470.0
1090.0000000013733 1480.0
1509.9999999997221 1490.0
1090.0000000013733 1500.0
1509.9999999997221 1510.0
1090.0000000013733 1520.0
1509.9999999997221 1530.0
1090.0000000013733 1540.0
1509.9999999997221 1550.0
1509.9999999997221 1570.0
1509.9999999997221 1590.0
1090.0000000013733 1600.0
1090.0000000013733 1620.0
1509.9999999997221 1630.0
1090.0000000013733 1640.0
1519.999999999713 510.0
1519.999999999713 610.0
1080.0000000013824 1100.0
1519.999999999713 1110.0
1080.0000000013824 1120.0
1519.999999999713 1130.0
1080.0000000013824 1140.0
1080.0000000013824 1460.0
1519.999999999713 1470.0
1080.0000000013824 1480.0
1519.999999999713 1490.0
1080.0000000013824 1500.0
1519.999999999713 1510.0
1080.0000000013824 1520.0
1519.999999999713 1530.0
1080.0000000013824 1540.0
1080.0000000013824 1560.0
1519.999999999713 1570.0
1080.0000000013824 1580.0
1519.999999999713 1590.0
1080.0000000013824 1600.0
1519.999999999713 1610.0
1519.999999999713 1630.0
1080.0000000013824 1640.0
1529.999999999704 490.0
1529.999999999704 570.0
1529.999999999704 1090.0
1070.0000000013915 1100.0
1070.0000000013915 1120.0
1529.999999999704 1130.0
1070.0000000013915 1140.0
1529.999999999704 1190.0
1070.0000000013915 1460.0
1070.0000000013915 1480.0
1529.999999999704 1490.0
1070.0000000013915 1500.0
1529.999999999704 1510.0
1070.0000000013915 1520.0
1529.999999999704 1530.0
1070.0000000013915 1540.0
1529.999999999704 1550.0
1070.0000000013915 1560.0
1070.0000000013915 1580.0
1529.999999999704 1590.0
1070.0000000013915 1600.0
1070.0000000013915 1620.0
1529.999999999704 1630.0
1070.0000000013915 1640.0
1539.9999999996949 470.0
1539.9999999996949 490.0
1539.9999999996949 510.0
1539.9999999996949 530.0
1060.0000000014006 580.0
1539.9999999996949 610.0
1539.9999999996949 630.0
1060.0000000014006 1060.0
1060.0000000014006 1100.0
1539.9999999996949 1110.0
1060.0000000014006 1120.0
1539.9999999996949 1130.0
1060.0000000014006 1140.0
1539.9999999996949 1150.0
1060.0000000014006 1480.0
1539.9999999996949 1490.0
1060.0000000014006 1500.0
1060.0000000014006 1520.0
1539.9999999996949 1530.0
1060.0000000014006 1540.0
1539.9999999996949 1550.0
1060.0000000014006 1560.0
1539.9999999996949 1570.0
1060.0000000014006 1580.0
1539.9999999996949 1590.0
1060.0000000014006 1600.0
1539.9999999996949 1610.0
1060.0000000014006 1620.0
1060.0000000014006 1640.0
1549.9999999996858 110.0
1050.0000000014097 420.0
1050.0000000014097 440.0
1549.9999999996858 470.0
1549.9999999996858 570.0
1050.0000000014097 580.0
1549.9999999996858 590.0
1549.9999999996858 630.0
1050.0000000014097 1060.0
1549.9999999996858 1090.0
1549.9999999996858 1110.0
1050.0000000014097 1120.0
1549.9999999996858 1130.0
1549.9999999996858 1150.0
1050.0000000014097 1160.0
1050.0000000014097 1480.0
1050.0000000014097 1500.0
1549.9999999996858 1510.0
1050.0000000014097 1520.0
1050.0000000014097 1540.0
1549.9999999996858 1550.0
1050.0000000014097 1560.0
1050.0000000014097 1580.0
1549.9999999996858 1590.0
1050.0000000014097 1600.0
1549.9999999996858 1610.0
1050.0000000014097 1620.0
1040.0000000014188 420.0
1040.0000000014188 440.0
1559.9999999996767 470.0
1559.9999999996767 490.0
1559.9999999996767 510.0
1040.0000000014188 520.0
1559.9999999996767 530.0
1559.9999999996767 570.0
1559.9999999996767 590.0
1559.9999999996767 610.0
1040.0000000014188 1060.0
1559.9999999996767 1070.0
1559.9999999996767 1090.0
1559.9999999996767 1110.0
1040.0000000014188 1120.0
1559.9999999996767 1130.0
1040.0000000014188 1140.0
1559.9999999996767 1150.0
1040.0000000014188 1160.0
1559.9999999996767 1170.0
1559.9999999996767 1490.0
1040.0000000014188 1500.0
1559.9999999996767 1510.0
1040.0000000014188 1520.0
1040.0000000014188 1540.0
1559.9999999996767 1550.0
1040.0000000014188 1560.0
1559.9999999996767 1570.0
1040.0000000014188 1580.0
1559.9999999996767 1590.0
1040.0000000014188 1600.0
1559.9999999996767 1610.0
1040.0000000014188 1620.0
1569.9999999996676 30.0
1569.9999999996676 70.0
1030.000000001428 400.0
1030.000000001428 440.0
1569.9999999996676 470.0
1030.000000001428 500.0
1569.9999999996676 510.0
1030.000000001428 520.0
1569.9999999996676 530.0
1569.9999999996676 550.0
1569.9999999996676 570.0
1569.9999999996676 610.0
1030.000000001428 1060.0
1569.9999999996676 1070.0
1569.9999999996676 1090.0
1569.9999999996676 1110.0
1569.9999999996676 1130.0
1030.000000001428 1140.0
1569.9999999996676 1150.0
1030.000000001428 1160.0
1569.9999999996676 1170.0
1569.9999999996676 1190.0
1030.000000001428 1480.0
1030.000000001428 1500.0
1569.9999999996676 1510.0
1030.000000001428 1520.0
1030.000000001428 1540.0
1569.9999999996676 1550.0
1030.000000001428 1560.0
1569.9999999996676 1570.0
1569.9999999996676 1590.0
1030.000000001428 1600.0
1569.9999999996676 1610.0
1579.9999999996585 190.0
1020.0000000014325 360.0
1020.0000000014325 380.0
1020.0000000014325 400.0
1579.9999999996585 490.0
1020.0000000014325 500.0
1579.9999999996585 510.0
1020.0000000014325 520.0
1579.9999999996585 530.0
1579.9999999996585 550.0
1579.9999999996585 590.0
1579.9999999996585 610.0
1579.9999999996585 630.0
1020.0000000014325 1060.0
1579.9999999996585 1070.0
1579.9999999996585 1090.0
1579.9999999996585 1110.0
1579.9999999996585 1130.0
1020.0000000014325 1140.0
1579.9999999996585 1150.0
1020.0000000014325 1160.0
1579.9999999996585 1190.0
1579.9999999996585 1210.0
1020.0000000014325 1480.0
1020.0000000014325 1500.0
1579.9999999996585 1510.0
1020.0000000014325 1520.0
1020.0000000014325 1540.0
1579.9999999996585 1550.0
1020.0000000014325 1560.0
1579.9999999996585 1570.0
1020.0000000014325 1580.0
1579.9999999996585 1590.0
1020.0000000014325 1600.0
1579.9999999996585 1610.0
1589.9999999996494 470.0
1589.9999999996494 510.0
1589.9999999996494 530.0
1589.9999999996494 550.0
1010.0000000014302 580.0
1589.9999999996494 590.0
1589.9999999996494 610.0
1589.9999999996494 1050.0
1010.0000000014302 1060.0
1589.9999999996494 1090.0
1589.9999999996494 1110.0
1589.9999999996494 1130.0
1589.9999999996494 1150.0
1010.0000000014302 1160.0
1589.9999999996494 1170.0
1010.0000000014302 1180.0
1010.0000000014302 1500.0
1589.9999999996494 1510.0
1010.0000000014302 1520.0
1589.9999999996494 1530.0
1010.0000000014302 1540.0
1589.9999999996494 1550.0
1010.0000000014302 1560.0
1589.9999999996494 1570.0
1010.0000000014302 1580.0
1589.9999999996494 1590.0
1010.0000000014302 1600.0
1589.9999999996494 1610.0
1010.0000000014302 1620.0
1599.9999999996403 510.0
1599.9999999996403 530.0
1599.9999999996403 550.0
1599.9999999996403 570.0
1000.0000000014279 580.0
1599.9999999996403 610.0
1000.0000000014279 1060.0
1599.9999999996403 1070.0
1599.9999999996403 1090.0
1599.9999999996403 1110.0
1599.9999999996403 1130.0
1000.0000000014279 1140.0
1000.0000000014279 1160.0
1599.9999999996403 1170.0
1000.0000000014279 1180.0
1000.0000000014279 1500.0
1599.9999999996403 1510.0
1000.0000000014279 1520.0
1599.9999999996403 1530.0
1000.0000000014279 1540.0
1599.9999999996403 1550.0
1000.0000000014279 1560.0
1599.9999999996403 1570.0
1000.0000000014279 1580.0
1599.9999999996403 1590.0
1000.0000000014279 1600.0
1609.9999999996312 490.0
1609.9999999996312 530.0
1609.9999999996312 550.0
1609.9999999996312 570.0
1609.9999999996312 590.0
1609.9999999996312 610.0
1609.9999999996312 1050.0
1609.9999999996312 1070.0
1609.9999999996312 1090.0
1609.9999999996312 1110.0
1609.9999999996312 1130.0
990.0000000014256 1140.0
990.0000000014256 1160.0
990.0000000014256 1180.0
1609.9999999996312 1510.0
1609.9999999996312 1530.0
990.0000000014256 1540.0
1609.9999999996312 1550.0
990.0000000014256 1560.0
1609.9999999996312 1570.0
990.0000000014256 1580.0
1609.9999999996312 1590.0
990.0000000014256 1600.0
1619.999999999622 490.0
1619.999999999622 510.0
1619.999999999622 550.0
980.0000000014234 560.0
1619.999999999622 570.0
1619.999999999622 590.0
1619.999999999622 610.0
1619.999999999622 1050.0
1619.999999999622 1070.0
1619.999999999622 1090.0
980.0000000014234 1100.0
1619.999999999622 1110.0
1619.999999999622 1150.0
980.0000000014234 1160.0
980.0000000014234 1180.0
1619.999999999622 1190.0
1619.999999999622 1210.0
980.0000000014234 1500.0
1619.999999999622 1510.0
980.0000000014234 1520.0
980.0000000014234 1540.0
1619.999999999622 1550.0
1619.999999999622 1570.0
980.0000000014234 1580.0
1619.999999999622 1590.0
1629.999999999613 490.0
1629.999999999613 510.0
1629.999999999613 530.0
1629.999999999613 550.0
970.0000000014211 560.0
1629.999999999613 570.0
1629.999999999613 590.0
1629.999999999613 1090.0
970.0000000014211 1100.0
1629.999999999613 1150.0
970.0000000014211 1160.0
970.0000000014211 1180.0
1629.999999999613 1210.0
1629.999999999613 1550.0
970.0000000014211 1560.0
1629.999999999613 1570.0
970.0000000014211 1600.0
1639.999999999604 490.0
1639.999999999604 510.0
1639.999999999604 530.0
1639.999999999604 550.0
1639.999999999604 570.0
1639.999999999604 1050.0
1639.999999999604 1070.0
960.0000000014188 1100.0
1639.999999999604 1150.0
960.0000000014188 1160.0
1639.999999999604 1170.0
960.0000000014188 1180.0
1639.999999999604 1190.0
960.0000000014188 1540.0
960.0000000014188 1560.0
1639.999999999604 1570.0
960.0000000014188 1580.0
1649.9999999995948 510.0
1649.9999999995948 530.0
1649.9999999995948 550.0
1649.9999999995948 570.0
1649.9999999995948 590.0
1649.9999999995948 1090.0
950.0000000014165 1100.0
950.0000000014165 1120.0
950.0000000014165 1140.0
950.0000000014165 1160.0
950.0000000014165 1180.0
1649.9999999995948 1190.0
950.0000000014165 1520.0
950.0000000014165 1540.0
1649.9999999995948 1550.0
950.0000000014165 1560.0
1649.9999999995948 1570.0
950.0000000014165 1580.0
1659.9999999995857 510.0
1659.9999999995857 530.0
1659.9999999995857 550.0
1659.9999999995857 570.0
1659.9999999995857 590.0
1659.9999999995857 1030.0
1659.9999999995857 1050.0
1659.9999999995857 1070.0
1659.9999999995857 1090.0
940.0000000014143 1120.0
940.0000000014143 1160.0
940.0000000014143 1180.0
1659.9999999995857 1190.0
1659.9999999995857 1210.0
940.0000000014143 1540.0
1659.9999999995857 1550.0
940.0000000014143 1560.0
1669.9999999995766 510.0
1669.9999999995766 530.0
1669.9999999995766 550.0
1669.9999999995766 570.0
1669.9999999995766 1050.0
1669.9999999995766 1090.0
930.000000001412 1140.0
930.000000001412 1160.0
930.000000001412 1180.0
1669.9999999995766 1190.0
1669.9999999995766 1210.0
1669.9999999995766 1230.0
930.000000001412 1540.0
1669.9999999995766 1550.0
1679.9999999995675 530.0
1679.9999999995675 550.0
1679.9999999995675 570.0
1679.9999999995675 1030.0
1679.9999999995675 1050.0
920.0000000014097 1140.0
920.0000000014097 1160.0
1679.9999999995675 1170.0
920.0000000014097 1180.0
1679.9999999995675 1190.0
920.0000000014097 1540.0
920.0000000014097 1560.0
1689.9999999995584 530.0
1689.9999999995584 550.0
1689.9999999995584 570.0
1689.9999999995584 1050.0
910.0000000014074 1140.0
910.0000000014074 1160.0
910.0000000014074 1180.0
1689.9999999995584 1210.0
910.0000000014074 1560.0
1699.9999999995493 530.0
1699.9999999995493 550.0
1699.9999999995493 1030.0
1699.9999999995493 1070.0
900.0000000014052 1160.0
900.0000000014052 1180.0
1699.9999999995493 1190.0
1699.9999999995493 1210.0
1699.9999999995493 1230.0
1709.9999999995403 550.0
1709.9999999995403 1050.0
1709.9999999995403 1070.0
890.0000000014029 1160.0
890.0000000014029 1180.0
1709.9999999995403 1190.0
1709.9999999995403 1230.0
1719.9999999995312 550.0
880.0000000014006 1000.0
1719.9999999995312 1010.0
880.0000000014006 1160.0
880.0000000014006 1180.0
1719.9999999995312 1190.0
880.0000000014006 1200.0
1719.9999999995312 1210.0
1719.9999999995312 1230.0
1729.999999999522 1010.0
870.0000000013983 1020.0
1729.999999999522 1050.0
870.0000000013983 1160.0
870.0000000013983 1180.0
1729.999999999522 1190.0
870.0000000013983 1200.0
1729.999999999522 1210.0
870.0000000013983 1220.0
1729.999999999522 1250.0
1739.999999999513 1030.0
1739.999999999513 1070.0
860.0000000013961 1160.0
860.0000000013961 1180.0
860.0000000013961 1200.0
1739.999999999513 1210.0
860.0000000013961 1220.0
1739.999999999513 1230.0
1739.999999999513 1270.0
850.0000000013938 1000.0
850.0000000013938 1020.0
1749.9999999995039 1070.0
850.0000000013938 1160.0
850.0000000013938 1180.0
850.0000000013938 1220.0
1749.9999999995039 1230.0
1749.9999999995039 1270.0
840.0000000013915 980.0
840.0000000013915 1180.0
840.0000000013915 1200.0
1759.9999999994948 1210.0
840.0000000013915 1220.0
840.0000000013915 1240.0
1759.9999999994948 1250.0
1759.9999999994948 1270.0
830.0000000013893 980.0
830.0000000013893 1000.0
1769.9999999994857 1010.0
1769.9999999994857 1050.0
830.0000000013893 1180.0
830.0000000013893 1200.0
830.0000000013893 1220.0
1769.9999999994857 1230.0
830.0000000013893 1240.0
1769.9999999994857 1270.0
1769.9999999994857 1290.0
1779.9999999994766 950.0
1779.9999999994766 1030.0
820.000000001387 1180.0
820.000000001387 1200.0
820.000000001387 1220.0
1779.9999999994766 1270.0
1779.9999999994766 1290.0
1779.9999999994766 1310.0
1789.9999999994675 950.0
1789.9999999994675 990.0
1789.9999999994675 1010.0
810.0000000013847 1180.0
810.0000000013847 1200.0
810.0000000013847 1220.0
1789.9999999994675 1250.0
810.0000000013847 1260.0
1789.9999999994675 1290.0
1799.9999999994584 950.0
1799.9999999994584 990.0
800.0000000013824 1200.0
1799.9999999994584 1230.0
800.0000000013824 1240.0
1799.9999999994584 1250.0
1799.9999999994584 1270.0
800.0000000013824 1280.0
1799.9999999994584 1290.0
1799.9999999994584 1310.0
790.0000000013802 640.0
790.0000000013802 660.0
1809.9999999994493 930.0
1809.9999999994493 950.0
1809.9999999994493 970.0
1809.9999999994493 1010.0
790.0000000013802 1200.0
790.0000000013802 1220.0
790.0000000013802 1240.0
1809.9999999994493 1250.0
790.0000000013802 1260.0
1809.9999999994493 1290.0
1809.9999999994493 1330.0
1819.9999999994402 930.0
1819.9999999994402 950.0
1819.9999999994402 970.0
780.0000000013779 1200.0
780.0000000013779 1220.0
780.0000000013779 1240.0
1819.9999999994402 1250.0
1819.9999999994402 1270.0
1819.9999999994402 1290.0
1819.9999999994402 1310.0
1819.9999999994402 1330.0
780.0000000013779 1700.0
770.0000000013756 640.0
760.0000000013733 920.0
1839.999999999422 930.0
760.0000000013733 940.0
760.0000000013733 960.0
1839.999999999422 970.0
1839.999999999422 990.0
1839.999999999422 1010.0
1839.999999999422 1250.0
1839.999999999422 1270.0
1839.999999999422 1290.0
1839.999999999422 1310.0
1839.999999999422 1330.0
750.0000000013711 920.0
1849.999999999413 950.0
1849.999999999413 970.0
750.0000000013711 980.0
1849.999999999413 990.0
1849.999999999413 1250.0
1849.999999999413 1270.0
1849.999999999413 1290.0
1859.9999999994038 950.0
1859.9999999994038 970.0
1859.9999999994038 990.0
1859.9999999994038 1030.0
1859.9999999994038 1230.0
1859.9999999994038 1270.0
1859.9999999994038 1290.0
1859.9999999994038 1310.0
730.0000000013665 960.0
1869.9999999993947 1030.0
1869.9999999993947 1250.0
1869.9999999993947 1270.0
1869.9999999993947 1290.0
1869.9999999993947 1310.0
730.0000000013665 1680.0
720.0000000013642 720.0
720.0000000013642 920.0
1879.9999999993856 1010.0
1879.9999999993856 1030.0
1879.9999999993856 1050.0
1879.9999999993856 1210.0
1879.9999999993856 1290.0
1879.9999999993856 1310.0
710.000000001362 960.0
1889.9999999993765 990.0
1889.9999999993765 1010.0
1889.9999999993765 1050.0
1889.9999999993765 1270.0
1889.9999999993765 1290.0
700.0000000013597 960.0
1899.9999999993674 970.0
1899.9999999993674 990.0
1899.9999999993674 1010.0
1899.9999999993674 1030.0
1899.9999999993674 1050.0
1899.9999999993674 1070.0
700.0000000013597 1220.0
1899.9999999993674 1270.0
1899.9999999993674 1290.0
1909.9999999993584 1010.0
1909.9999999993584 1030.0
1909.9999999993584 1230.0
1909.9999999993584 1250.0
690.0000000013574 1260.0
690.0000000013574 1280.0
680.0000000013551 960.0
1919.9999999993493 1010.0
1919.9999999993493 1050.0
1919.9999999993493 1190.0
1919.9999999993493 1250.0
1919.9999999993493 1270.0
680.0000000013551 1280.0
670.0000000013529 960.0
1929.9999999993402 1010.0
670.0000000013529 1180.0
670.0000000013529 1200.0
1929.9999999993402 1210.0
670.0000000013529 1240.0
670.0000000013529 1720.0
660.0000000013506 960.0
660.0000000013506 980.0
1939.999999999331 1010.0
1939.999999999331 1030.0
1939.999999999331 1070.0
1939.999999999331 1190.0
660.0000000013506 1240.0
1939.999999999331 1250.0
660.0000000013506 1760.0
1949.999999999322 1030.0
1949.999999999322 1190.0
650.0000000013483 1200.0
1949.999999999322 1210.0
650.0000000013483 1220.0
1949.999999999322 1230.0
1949.999999999322 1250.0
1959.9999999993129 1030.0
1959.9999999993129 1050.0
640.000000001346 1200.0
1959.9999999993129 1210.0
1959.9999999993129 1230.0
640.000000001346 1240.0
1969.9999999993038 1030.0
1969.9999999993038 1050.0
1969.9999999993038 1070.0
630.0000000013438 1180.0
630.0000000013438 1200.0
1969.9999999993038 1210.0
630.0000000013438 1220.0
1969.9999999993038 1230.0
1979.9999999992947 1070.0
1979.9999999992947 1090.0
620.0000000013415 1160.0
1979.9999999992947 1170.0
620.0000000013415 1180.0
1979.9999999992947 1190.0
620.0000000013415 1200.0
1979.9999999992947 1210.0
1979.9999999992947 1230.0
1989.9999999992856 1030.0
610.0000000013392 1060.0
1989.9999999992856 1070.0
1989.9999999992856 1090.0
1989.9999999992856 1170.0
610.0000000013392 1180.0
1989.9999999992856 1210.0
610.0000000013392 1220.0
1989.9999999992856 1230.0
1999.9999999992765 1030.0
600.000000001337 1060.0
1999.9999999992765 1070.0
1999.9999999992765 1090.0
1999.9999999992765 1170.0
600.000000001337 1180.0
1999.9999999992765 1190.0
600.000000001337 1200.0
1999.9999999992765 1210.0
1999.9999999992765 1230.0
2009.9999999992674 1050.0
590.0000000013347 1060.0
2009.9999999992674 1070.0
2009.9999999992674 1090.0
2009.9999999992674 1170.0
590.0000000013347 1180.0
2009.9999999992674 1190.0
590.0000000013347 1200.0
2009.9999999992674 1210.0
2019.9999999992583 1070.0
580.0000000013324 1160.0
2019.9999999992583 1170.0
580.0000000013324 1180.0
2019.9999999992583 1190.0
580.0000000013324 1200.0
2019.9999999992583 1230.0
570.0000000013301 1040.0
2029.9999999992492 1050.0
570.0000000013301 1060.0
2029.9999999992492 1070.0
2029.9999999992492 1090.0
570.0000000013301 1160.0
2029.9999999992492 1170.0
570.0000000013301 1180.0
2029.9999999992492 1190.0
570.0000000013301 1200.0
2029.9999999992492 1210.0
570.0000000013301 1760.0
560.0000000013279 1040.0
2039.9999999992401 1050.0
560.0000000013279 1060.0
560.0000000013279 1080.0
2039.9999999992401 1090.0
560.0000000013279 1160.0
560.0000000013279 1180.0
2039.9999999992401 1190.0
560.0000000013279 1200.0
2039.9999999992401 1210.0
550.0000000013256 1040.0
550.0000000013256 1060.0
2049.999999999231 1070.0
550.0000000013256 1080.0
2049.999999999231 1090.0
550.0000000013256 1160.0
2049.999999999231 1210.0
2059.999999999222 1050.0
540.0000000013233 1060.0
2059.999999999222 1070.0
540.0000000013233 1120.0
540.0000000013233 1140.0
540.0000000013233 1160.0
2059.999999999222 1190.0
2059.999999999222 1210.0
2069.999999999213 1050.0
530.000000001321 1060.0
2069.999999999213 1090.0
530.000000001321 1120.0
530.000000001321 1140.0
530.000000001321 1160.0
530.000000001321 1180.0
2069.999999999213 1190.0
530.000000001321 1200.0
520.0000000013188 560.0
520.0000000013188 1020.0
2079.9999999992037 1050.0
520.0000000013188 1060.0
2079.9999999992037 1070.0
2079.9999999992037 1090.0
520.0000000013188 1100.0
520.0000000013188 1120.0
520.0000000013188 1140.0
520.0000000013188 1160.0
520.0000000013188 1180.0
2079.9999999992037 1190.0
2079.9999999992037 1210.0
510.0000000013165 0.0
510.0000000013165 500.0
510.0000000013165 540.0
510.0000000013165 560.0
510.0000000013165 1020.0
510.0000000013165 1040.0
2089.9999999991946 1070.0
510.0000000013165 1080.0
2089.9999999991946 1090.0
510.0000000013165 1100.0
510.0000000013165 1120.0
510.0000000013165 1160.0
2089.9999999991946 1190.0
500.0000000013142 500.0
500.0000000013142 540.0
500.0000000013142 1040.0
2099.9999999991855 1070.0
500.0000000013142 1080.0
2099.9999999991855 1090.0
500.0000000013142 1100.0
500.0000000013142 1120.0
500.0000000013142 1160.0
500.0000000013142 1180.0
2099.9999999991855 1190.0
490.00000000131195 500.0
490.00000000131195 540.0
490.00000000131195 1040.0
490.00000000131195 1060.0
490.00000000131195 1080.0
490.00000000131195 1100.0
490.00000000131195 1120.0
490.00000000131195 1140.0
490.00000000131195 1180.0
2109.9999999991765 1190.0
480.0000000013097 500.0
480.0000000013097 540.0
480.0000000013097 1040.0
480.0000000013097 1060.0
2119.9999999991674 1070.0
480.0000000013097 1080.0
2119.9999999991674 1090.0
480.0000000013097 1100.0
480.0000000013097 1120.0
480.0000000013097 1160.0
480.0000000013097 1180.0
470.0000000013074 500.0
470.0000000013074 540.0
470.0000000013074 1020.0
470.0000000013074 1040.0
470.0000000013074 1060.0
2129.9999999991583 1090.0
470.0000000013074 1100.0
470.0000000013074 1120.0
470.0000000013074 1160.0
470.0000000013074 1180.0
2129.9999999991583 1190.0
460.0000000013051 540.0
460.0000000013051 1040.0
460.0000000013051 1060.0
2139.999999999149 1090.0
460.0000000013051 1100.0
460.0000000013051 1120.0
460.0000000013051 1140.0
450.00000000130285 520.0
450.00000000130285 1060.0
450.00000000130285 1080.0
2149.99999999914 1090.0
2149.99999999914 1110.0
450.00000000130285 1120.0
450.00000000130285 1140.0
450.00000000130285 1160.0
440.0000000013006 520.0
440.0000000013006 1060.0
440.0000000013006 1080.0
2159.999999999131 1090.0
440.0000000013006 1120.0
440.0000000013006 1140.0
440.0000000013006 1160.0
430.0000000012983 200.0
430.0000000012983 520.0
430.0000000012983 1060.0
430.0000000012983 1080.0
430.0000000012983 1100.0
430.0000000012983 1120.0
430.0000000012983 1140.0
420.00000000129603 520.0
420.00000000129603 1060.0
420.00000000129603 1080.0
420.00000000129603 1100.0
2179.999999999113 1110.0
420.00000000129603 1120.0
420.00000000129603 1140.0
410.00000000129376 1080.0
410.00000000129376 1100.0
2189.9999999991037 1110.0
410.00000000129376 1120.0
410.00000000129376 1140.0
2189.9999999991037 1150.0
410.00000000129376 1900.0
400.0000000012915 1100.0
400.0000000012915 1120.0
400.0000000012915 1140.0
390.0000000012892 580.0
390.0000000012892 600.0
390.0000000012892 1020.0
390.0000000012892 1080.0
390.0000000012892 1100.0
390.0000000012892 1900.0
380.00000000128694 580.0
370.00000000128466 500.0
370.00000000128466 1100.0
360.0000000012824 1920.0
350.0000000012801 420.0
350.0000000012801 480.0
340.00000000127784 400.0
340.00000000127784 420.0
340.00000000127784 1940.0
330.00000000127557 420.0
330.00000000127557 1040.0
330.00000000127557 1060.0
320.0000000012733 1040.0
310.000000001271 380.0
310.000000001271 400.0
310.000000001271 420.0
310.000000001271 740.0
310.000000001271 1040.0
300.00000000126875 380.0
300.00000000126875 420.0
300.00000000126875 500.0
300.00000000126875 560.0
290.00000000126647 760.0
280.0000000012642 400.0
280.0000000012642 1020.0
270.0000000012619 360.0
270.0000000012619 400.0
270.0000000012619 980.0
270.0000000012619 1980.0
260.00000000125965 380.0
260.00000000125965 1940.0
260.00000000125965 1960.0
250.00000000125908 340.0
250.00000000125908 380.0
250.00000000125908 920.0
250.00000000125908 960.0
250.00000000125908 980.0
250.00000000125908 1060.0
250.00000000125908 1100.0
250.00000000125908 1980.0
240.00000000125965 380.0
240.00000000125965 720.0
240.00000000125965 1980.0
230.00000000126022 180.0
230.00000000126022 340.0
230.00000000126022 360.0
230.00000000126022 720.0
230.00000000126022 940.0
230.00000000126022 980.0
230.00000000126022 1000.0
220.0000000012608 340.0
220.0000000012608 360.0
220.0000000012608 760.0
220.0000000012608 1020.0
210.00000000126136 100.0
210.00000000126136 320.0
210.00000000126136 380.0
210.00000000126136 400.0
210.00000000126136 420.0
210.00000000126136 440.0
210.00000000126136 660.0
210.00000000126136 1020.0
210.00000000126136 1040.0
210.00000000126136 1120.0
200.00000000126192 360.0
200.00000000126192 420.0
200.00000000126192 640.0
200.00000000126192 1020.0
200.00000000126192 1940.0
200.00000000126192 1960.0
190.0000000012625 100.0
190.0000000012625 120.0
190.0000000012625 360.0
190.0000000012625 420.0
190.0000000012625 480.0
190.0000000012625 500.0
190.0000000012625 1940.0
190.0000000012625 1960.0
190.0000000012625 2000.0
180.00000000126306 40.0
180.00000000126306 80.0
180.00000000126306 100.0
180.00000000126306 340.0
180.00000000126306 360.0
180.00000000126306 420.0
180.00000000126306 460.0
180.00000000126306 800.0
180.00000000126306 960.0
180.00000000126306 1040.0
180.00000000126306 1920.0
180.00000000126306 1940.0
180.00000000126306 1960.0
170.00000000126363 60.0
170.00000000126363 80.0
170.00000000126363 160.0
170.00000000126363 340.0
170.00000000126363 360.0
170.00000000126363 400.0
170.00000000126363 420.0
170.00000000126363 1000.0
170.00000000126363 1140.0
170.00000000126363 1940.0
160.0000000012642 40.0
160.0000000012642 60.0
160.0000000012642 340.0
160.0000000012642 380.0
160.0000000012642 400.0
160.0000000012642 420.0
160.0000000012642 700.0
160.0000000012642 2040.0
150.00000000126477 20.0
150.00000000126477 40.0
150.00000000126477 340.0
150.00000000126477 380.0
150.00000000126477 420.0
150.00000000126477 500.0
150.00000000126477 700.0
150.00000000126477 740.0
150.00000000126477 780.0
150.00000000126477 1020.0
150.00000000126477 1960.0
140.00000000126533 0.0
140.00000000126533 20.0
140.00000000126533 40.0
140.00000000126533 60.0
140.00000000126533 300.0
140.00000000126533 320.0
140.00000000126533 340.0
140.00000000126533 420.0
140.00000000126533 440.0
140.00000000126533 500.0
140.00000000126533 780.0
140.00000000126533 1900.0
140.00000000126533 1960.0
140.00000000126533 1980.0
130.0000000012659 0.0
130.0000000012659 20.0
130.0000000012659 300.0
130.0000000012659 320.0
130.0000000012659 340.0
130.0000000012659 420.0
130.0000000012659 480.0
130.0000000012659 500.0
130.0000000012659 1140.0
130.0000000012659 1160.0
130.0000000012659 1960.0
120.00000000126647 0.0
120.00000000126647 60.0
120.00000000126647 80.0
120.00000000126647 300.0
120.00000000126647 320.0
120.00000000126647 400.0
120.00000000126647 420.0
120.00000000126647 460.0
120.00000000126647 1800.0
120.00000000126647 1940.0
120.00000000126647 1960.0
120.00000000126647 2060.0
110.00000000126704 60.0
110.00000000126704 260.0
110.00000000126704 300.0
110.00000000126704 320.0
110.00000000126704 380.0
110.00000000126704 400.0
110.00000000126704 420.0
110.00000000126704 440.0
110.00000000126704 780.0
2489.999999998831 1870.0
110.00000000126704 1900.0
110.00000000126704 2040.0
100.00000000126761 100.0
100.00000000126761 120.0
100.00000000126761 280.0
100.00000000126761 300.0
100.00000000126761 320.0
100.00000000126761 360.0
100.00000000126761 400.0
100.00000000126761 420.0
100.00000000126761 680.0
100.00000000126761 1000.0
100.00000000126761 1020.0
100.00000000126761 2000.0
90.00000000126818 180.0
90.00000000126818 280.0
90.00000000126818 300.0
90.00000000126818 320.0
90.00000000126818 360.0
90.00000000126818 400.0
90.00000000126818 420.0
90.00000000126818 480.0
90.00000000126818 820.0
90.00000000126818 1180.0
90.00000000126818 2020.0
80.00000000126875 60.0
80.00000000126875 160.0
80.00000000126875 280.0
80.00000000126875 300.0
80.00000000126875 320.0
80.00000000126875 380.0
80.00000000126875 400.0
80.00000000126875 420.0
80.00000000126875 440.0
80.00000000126875 680.0
70.00000000126931 160.0
70.00000000126931 240.0
70.00000000126931 280.0
70.00000000126931 300.0
70.00000000126931 380.0
70.00000000126931 400.0
70.00000000126931 420.0
70.00000000126931 440.0
70.00000000126931 480.0
70.00000000126931 680.0
60.0000000012696 0.0
60.0000000012696 140.0
60.0000000012696 260.0
60.0000000012696 280.0
60.0000000012696 300.0
60.0000000012696 400.0
60.0000000012696 420.0
60.0000000012696 680.0
60.0000000012696 700.0
60.0000000012696 800.0
60.0000000012696 1960.0
50.000000001269456 120.0
50.000000001269456 140.0
50.000000001269456 160.0
50.000000001269456 180.0
50.000000001269456 240.0
50.000000001269456 260.0
50.000000001269456 280.0
50.000000001269456 300.0
50.000000001269456 320.0
50.000000001269456 400.0
50.000000001269456 460.0
50.000000001269456 800.0
40.00000000126931 100.0
40.00000000126931 260.0
40.00000000126931 280.0
40.00000000126931 300.0
40.00000000126931 400.0
40.00000000126931 420.0
40.00000000126931 440.0
30.00000000126917 20.0
30.00000000126917 220.0
30.00000000126917 240.0
30.00000000126917 260.0
30.00000000126917 280.0
30.00000000126917 400.0
20.00000000126903 80.0
20.00000000126903 140.0
20.00000000126903 160.0
20.00000000126903 240.0
20.00000000126903 280.0
20.00000000126903 340.0
20.00000000126903 360.0
20.00000000126903 400.0
10.000000001268994 80.0
10.000000001268994 180.0
10.000000001268994 220.0
10.000000001268994 240.0
10.000000001268994 280.0
10.000000001268994 360.0
10.000000001268994 380.0
10.000000001268994 400.0
10.000000001268994 420.0
10.000000001268994 440.0
10.000000001268994 680.0
10.000000001268994 1020.0
