5.0 0.0 
10.0 172.33179496296296 
15.0 325.7839656296296 
20.0 401.8630684444445 
25.0 454.3774791111111 
30.0 487.0646293333333 
35.0 511.64540207407407 
40.0 529.6177268148149 
45.0 543.2222008888889 
50.0 552.997253925926 
55.00000000000001 560.2090168888889 
60.0 565.5585434074073 
65.0 569.3276420740741 
70.0 572.1090417777777 
75.0 574.3229914074075 
80.0 576.201837037037 
85.0 577.7443922962963 
90.0 579.0415514074074 
95.0 580.1481611851851 
100.0 581.0766328888889 

