5.0 0.0 
10.0 160.51995508056478 
15.0 305.655155009905 
20.0 387.2297578640556 
25.0 446.5585403707115 
30.0 480.4625187690056 
35.0 504.0021197935725 
40.0 520.8707304455352 
45.0 532.7302688857204 
50.0 540.6766683911019 
55.00000000000001 547.3504851551361 
60.0 552.7248684592381 
65.0 556.8648253062976 
70.0 560.1851286386635 
75.0 563.1514264444248 
80.0 565.6669148171047 
85.0 567.5436387266097 
90.0 569.4359077889796 
95.0 571.0356453383469 
100.0 572.1845734546326 

