5.0 0.0 
10.0 190.97818733077804 
15.0 328.2018019449354 
20.0 400.9755923182333 
25.0 454.73016503485394 
30.0 491.10992393700474 
35.0 521.091494051993 
40.0 543.8878451465984 
45.0 558.6436425502618 
50.0 569.1064550937051 
55.00000000000001 576.1917661311144 
60.0 580.3909598236451 
65.0 583.3657709901429 
70.0 585.6595767216783 
75.0 587.1021256595105 
80.0 588.173587803441 
85.0 589.0911100960552 
90.0 589.928094320762 
95.0 590.7426502227606 
100.0 591.4542397341436 

