5.0 0.0 
10.0 125.32122242274458 
15.0 267.9776768535229 
20.0 341.0859486411237 
25.0 394.9398233985591 
30.0 434.7130607280951 
35.0 469.9577531160421 
40.0 499.9418544591761 
45.0 526.4317824974843 
50.0 545.7032922936992 
55.00000000000001 559.1488559593212 
60.0 568.1945373317996 
65.0 574.2099915012357 
70.0 578.7347336059248 
75.0 582.0527088010568 
80.0 584.554975481168 
85.0 586.2016038588093 
90.0 587.3697085932179 
95.0 588.293797959885 
100.0 588.9440830697619 

