5.0 0.0 
10.0 217.93537501584063 
15.0 352.0552280147001 
20.0 416.7238345814752 
25.0 461.2448365547664 
30.0 488.44782002618985 
35.0 508.803591752005 
40.0 523.1046737431584 
45.0 534.4148401151389 
50.0 543.4849794524268 
55.00000000000001 550.8972162715055 
60.0 557.1087748094598 
65.0 561.6334361214872 
70.0 565.1908637222185 
75.0 567.8420208432651 
80.0 570.050079354064 
85.0 572.1034994237024 
90.0 573.6610356459662 
95.0 575.1516610042664 
100.0 576.4809568350099 

