2600.0 300.0
2600.0 340.0
0.0 1730.0
2600.0 1760.0
2600.0 1800.0
2590.000000000009 300.0
2590.000000000009 340.0
2590.000000000009 1720.0
9.99999999999998 1730.0
2590.000000000009 1740.0
9.99999999999998 1750.0
2590.000000000009 1760.0
2590.000000000009 1780.0
2590.000000000009 1800.0
2580.000000000018 280.0
2580.000000000018 300.0
2580.000000000018 340.0
2580.000000000018 360.0
20.000000000000014 1710.0
2580.000000000018 1720.0
20.000000000000014 1730.0
2580.000000000018 1740.0
20.000000000000014 1750.0
2580.000000000018 1760.0
2580.000000000018 1780.0
2580.000000000018 1800.0
2570.0000000000273 280.0
2570.0000000000273 300.0
2570.0000000000273 340.0
2570.0000000000273 360.0
30.000000000000156 1710.0
2570.0000000000273 1720.0
30.000000000000156 1730.0
2570.0000000000273 1740.0
30.000000000000156 1750.0
2570.0000000000273 1760.0
2570.0000000000273 1780.0
2570.0000000000273 1800.0
2560.0000000000364 280.0
2560.0000000000364 300.0
2560.0000000000364 340.0
40.0000000000003 1710.0
2560.0000000000364 1720.0
40.0000000000003 1730.0
2560.0000000000364 1740.0
2560.0000000000364 1760.0
40.0000000000003 1770.0
2560.0000000000364 1780.0
2560.0000000000364 1800.0
2560.0000000000364 1820.0
2550.0000000000455 280.0
2550.0000000000455 300.0
2550.0000000000455 340.0
2550.0000000000455 360.0
50.00000000000044 1690.0
2550.0000000000455 1700.0
50.00000000000044 1710.0
2550.0000000000455 1720.0
50.00000000000044 1730.0
2550.0000000000455 1740.0
50.00000000000044 1750.0
2550.0000000000455 1760.0
50.00000000000044 1770.0
2550.0000000000455 1800.0
2550.0000000000455 1820.0
2540.0000000000546 260.0
2540.0000000000546 280.0
2540.0000000000546 300.0
2540.0000000000546 340.0
2540.0000000000546 360.0
2540.0000000000546 380.0
60.00000000000058 1690.0
2540.0000000000546 1700.0
60.00000000000058 1710.0
2540.0000000000546 1720.0
60.00000000000058 1730.0
60.00000000000058 1750.0
2540.0000000000546 1760.0
60.00000000000058 1770.0
2540.0000000000546 1780.0
2540.0000000000546 1800.0
2540.0000000000546 1820.0
2530.0000000000637 260.0
2530.0000000000637 280.0
2530.0000000000637 300.0
2530.0000000000637 340.0
2530.0000000000637 360.0
2530.0000000000637 380.0
2530.0000000000637 1700.0
2530.0000000000637 1720.0
70.0000000000003 1730.0
2530.0000000000637 1740.0
70.0000000000003 1750.0
2530.0000000000637 1760.0
70.0000000000003 1770.0
2530.0000000000637 1780.0
2530.0000000000637 1820.0
2530.0000000000637 1840.0
2520.0000000000728 260.0
2520.0000000000728 280.0
2520.0000000000728 300.0
2520.0000000000728 340.0
2520.0000000000728 360.0
2520.0000000000728 380.0
79.99999999999973 1670.0
2520.0000000000728 1700.0
2520.0000000000728 1720.0
79.99999999999973 1730.0
2520.0000000000728 1740.0
79.99999999999973 1750.0
2520.0000000000728 1760.0
79.99999999999973 1770.0
2520.0000000000728 1780.0
79.99999999999973 1790.0
2520.0000000000728 1820.0
2520.0000000000728 1840.0
2510.000000000082 260.0
2510.000000000082 280.0
2510.000000000082 300.0
2510.000000000082 340.0
2510.000000000082 360.0
2510.000000000082 380.0
89.99999999999916 1690.0
2510.000000000082 1700.0
2510.000000000082 1720.0
89.99999999999916 1730.0
2510.000000000082 1740.0
89.99999999999916 1750.0
2510.000000000082 1760.0
89.99999999999916 1770.0
2510.000000000082 1800.0
2510.000000000082 1820.0
2510.000000000082 1840.0
2500.000000000091 240.0
2500.000000000091 260.0
2500.000000000091 280.0
2500.000000000091 300.0
2500.000000000091 340.0
2500.000000000091 380.0
2500.000000000091 400.0
99.9999999999986 690.0
99.9999999999986 1670.0
2500.000000000091 1680.0
99.9999999999986 1690.0
2500.000000000091 1700.0
2500.000000000091 1720.0
99.9999999999986 1730.0
2500.000000000091 1740.0
99.9999999999986 1750.0
2500.000000000091 1760.0
99.9999999999986 1770.0
99.9999999999986 1790.0
2500.000000000091 1800.0
2500.000000000091 1820.0
2490.0000000001 240.0
2490.0000000001 260.0
2490.0000000001 280.0
2490.0000000001 300.0
2490.0000000001 360.0
2490.0000000001 380.0
2490.0000000001 400.0
109.99999999999802 1670.0
2490.0000000001 1680.0
2490.0000000001 1700.0
109.99999999999802 1710.0
2490.0000000001 1720.0
109.99999999999802 1730.0
2490.0000000001 1740.0
109.99999999999802 1750.0
2490.0000000001 1760.0
109.99999999999802 1770.0
2490.0000000001 1780.0
109.99999999999802 1790.0
2490.0000000001 1800.0
109.99999999999802 1810.0
2490.0000000001 1820.0
2490.0000000001 1840.0
2480.000000000109 240.0
2480.000000000109 260.0
2480.000000000109 280.0
2480.000000000109 300.0
2480.000000000109 340.0
2480.000000000109 360.0
2480.000000000109 380.0
2480.000000000109 400.0
2480.000000000109 1680.0
2480.000000000109 1700.0
119.99999999999746 1710.0
119.99999999999746 1730.0
2480.000000000109 1740.0
2480.000000000109 1760.0
119.99999999999746 1770.0
2480.000000000109 1780.0
119.99999999999746 1810.0
2480.000000000109 1840.0
2470.0000000001182 240.0
2470.0000000001182 260.0
2470.0000000001182 280.0
2470.0000000001182 300.0
2470.0000000001182 340.0
2470.0000000001182 400.0
129.9999999999969 1650.0
129.9999999999969 1670.0
2470.0000000001182 1680.0
2470.0000000001182 1700.0
2470.0000000001182 1720.0
129.9999999999969 1730.0
129.9999999999969 1750.0
129.9999999999969 1770.0
2470.0000000001182 1780.0
129.9999999999969 1790.0
2470.0000000001182 1800.0
129.9999999999969 1810.0
139.99999999999633 210.0
2460.0000000001273 240.0
2460.0000000001273 280.0
2460.0000000001273 300.0
2460.0000000001273 340.0
2460.0000000001273 360.0
2460.0000000001273 400.0
139.99999999999633 1650.0
139.99999999999633 1670.0
139.99999999999633 1690.0
2460.0000000001273 1700.0
2460.0000000001273 1720.0
139.99999999999633 1730.0
2460.0000000001273 1740.0
139.99999999999633 1750.0
139.99999999999633 1770.0
2460.0000000001273 1780.0
139.99999999999633 1790.0
139.99999999999633 1810.0
2460.0000000001273 1820.0
2450.0000000001364 240.0
2450.0000000001364 260.0
2450.0000000001364 280.0
2450.0000000001364 300.0
2450.0000000001364 360.0
2450.0000000001364 380.0
2450.0000000001364 400.0
149.99999999999577 1650.0
149.99999999999577 1670.0
2450.0000000001364 1680.0
2450.0000000001364 1700.0
149.99999999999577 1710.0
2450.0000000001364 1720.0
149.99999999999577 1730.0
2450.0000000001364 1740.0
149.99999999999577 1750.0
149.99999999999577 1770.0
149.99999999999577 1790.0
2450.0000000001364 1800.0
149.99999999999577 1810.0
2450.0000000001364 1820.0
159.9999999999952 210.0
2440.0000000001455 240.0
159.9999999999952 250.0
2440.0000000001455 260.0
2440.0000000001455 280.0
2440.0000000001455 300.0
2440.0000000001455 340.0
2440.0000000001455 360.0
2440.0000000001455 380.0
2440.0000000001455 400.0
159.9999999999952 1670.0
2440.0000000001455 1680.0
159.9999999999952 1690.0
2440.0000000001455 1700.0
159.9999999999952 1710.0
2440.0000000001455 1720.0
159.9999999999952 1730.0
159.9999999999952 1750.0
159.9999999999952 1770.0
159.9999999999952 1790.0
2440.0000000001455 1800.0
2440.0000000001455 1860.0
2430.0000000001546 220.0
169.99999999999463 230.0
2430.0000000001546 240.0
2430.0000000001546 260.0
2430.0000000001546 280.0
2430.0000000001546 360.0
2430.0000000001546 380.0
2430.0000000001546 400.0
2430.0000000001546 420.0
169.99999999999463 1670.0
169.99999999999463 1690.0
2430.0000000001546 1700.0
2430.0000000001546 1720.0
169.99999999999463 1770.0
2430.0000000001546 1820.0
2420.0000000001637 220.0
179.99999999999406 230.0
179.99999999999406 250.0
2420.0000000001637 260.0
2420.0000000001637 280.0
2420.0000000001637 360.0
2420.0000000001637 400.0
2420.0000000001637 420.0
179.99999999999406 1650.0
179.99999999999406 1670.0
2420.0000000001637 1680.0
2420.0000000001637 1700.0
179.99999999999406 1710.0
2420.0000000001637 1720.0
179.99999999999406 1750.0
179.99999999999406 1770.0
179.99999999999406 1790.0
2420.0000000001637 1820.0
179.99999999999406 1830.0
2420.0000000001637 1840.0
2410.000000000173 220.0
2410.000000000173 240.0
2410.000000000173 260.0
2410.000000000173 280.0
2410.000000000173 360.0
2410.000000000173 380.0
2410.000000000173 400.0
2410.000000000173 420.0
189.9999999999935 1690.0
2410.000000000173 1700.0
189.9999999999935 1710.0
2410.000000000173 1720.0
189.9999999999935 1770.0
189.9999999999935 1790.0
2410.000000000173 1820.0
189.9999999999935 1830.0
2410.000000000173 1840.0
199.99999999999292 250.0
2400.000000000182 260.0
2400.000000000182 360.0
2400.000000000182 380.0
2400.000000000182 400.0
2400.000000000182 420.0
199.99999999999292 1650.0
2400.000000000182 1660.0
199.99999999999292 1670.0
2400.000000000182 1720.0
199.99999999999292 1770.0
2400.000000000182 1860.0
2390.000000000191 220.0
2390.000000000191 240.0
209.99999999999235 250.0
2390.000000000191 260.0
2390.000000000191 380.0
2390.000000000191 400.0
2390.000000000191 420.0
209.99999999999235 1630.0
209.99999999999235 1650.0
2390.000000000191 1660.0
209.99999999999235 1670.0
2390.000000000191 1680.0
209.99999999999235 1690.0
2390.000000000191 1700.0
209.99999999999235 1770.0
209.99999999999235 1810.0
2390.000000000191 1820.0
209.99999999999235 1830.0
2390.000000000191 1840.0
2390.000000000191 1880.0
219.9999999999918 190.0
2380.0000000002 220.0
219.9999999999918 230.0
219.9999999999918 250.0
2380.0000000002 260.0
2380.0000000002 380.0
2380.0000000002 400.0
2380.0000000002 1640.0
219.9999999999918 1650.0
2380.0000000002 1660.0
2380.0000000002 1680.0
219.9999999999918 1690.0
2380.0000000002 1700.0
219.9999999999918 1810.0
2380.0000000002 1820.0
219.9999999999918 1830.0
2380.0000000002 1860.0
229.99999999999122 210.0
2370.000000000209 220.0
229.99999999999122 250.0
2370.000000000209 260.0
2370.000000000209 380.0
2370.000000000209 400.0
2370.000000000209 420.0
2370.000000000209 440.0
2370.000000000209 1640.0
229.99999999999122 1650.0
229.99999999999122 1670.0
2370.000000000209 1680.0
229.99999999999122 1690.0
2370.000000000209 1700.0
229.99999999999122 1810.0
2370.000000000209 1820.0
229.99999999999122 1830.0
2370.000000000209 1840.0
2370.000000000209 1880.0
2360.0000000002183 240.0
2360.0000000002183 380.0
2360.0000000002183 440.0
239.99999999999065 1630.0
2360.0000000002183 1640.0
239.99999999999065 1650.0
239.99999999999065 1670.0
2360.0000000002183 1680.0
2360.0000000002183 1700.0
239.99999999999065 1830.0
2360.0000000002183 1840.0
2360.0000000002183 1880.0
2360.0000000002183 1900.0
249.99999999999008 170.0
249.99999999999008 190.0
249.99999999999008 210.0
2350.0000000002274 380.0
2350.0000000002274 420.0
2350.0000000002274 440.0
2350.0000000002274 1660.0
249.99999999999008 1670.0
249.99999999999008 1850.0
2350.0000000002274 1860.0
2350.0000000002274 1880.0
259.9999999999906 170.0
2340.0000000002365 180.0
2340.0000000002365 200.0
259.9999999999906 230.0
2340.0000000002365 260.0
2340.0000000002365 380.0
2340.0000000002365 400.0
2340.0000000002365 440.0
2340.0000000002365 460.0
259.9999999999906 1610.0
259.9999999999906 1630.0
2340.0000000002365 1640.0
259.9999999999906 1650.0
2340.0000000002365 1660.0
259.9999999999906 1670.0
2340.0000000002365 1680.0
2340.0000000002365 1700.0
259.9999999999906 1790.0
259.9999999999906 1810.0
259.9999999999906 1830.0
259.9999999999906 1850.0
2340.0000000002365 1860.0
269.9999999999929 170.0
2330.0000000002456 180.0
2330.0000000002456 200.0
2330.0000000002456 220.0
2330.0000000002456 260.0
2330.0000000002456 380.0
2330.0000000002456 400.0
2330.0000000002456 420.0
2330.0000000002456 440.0
2330.0000000002456 1600.0
269.9999999999929 1610.0
2330.0000000002456 1620.0
269.9999999999929 1630.0
269.9999999999929 1650.0
2330.0000000002456 1660.0
269.9999999999929 1790.0
269.9999999999929 1810.0
2330.0000000002456 1840.0
2320.0000000002547 160.0
2320.0000000002547 180.0
2320.0000000002547 220.0
2320.0000000002547 240.0
2320.0000000002547 400.0
2320.0000000002547 420.0
2320.0000000002547 1600.0
2320.0000000002547 1620.0
279.99999999999517 1630.0
2320.0000000002547 1640.0
279.99999999999517 1650.0
2320.0000000002547 1660.0
2320.0000000002547 1680.0
279.99999999999517 1790.0
2320.0000000002547 1840.0
279.99999999999517 1850.0
279.99999999999517 1870.0
289.99999999999744 150.0
289.99999999999744 170.0
2310.0000000002638 180.0
2310.0000000002638 200.0
289.99999999999744 230.0
2310.0000000002638 240.0
2310.0000000002638 400.0
2310.0000000002638 420.0
2310.0000000002638 480.0
2310.0000000002638 1580.0
289.99999999999744 1590.0
289.99999999999744 1610.0
2310.0000000002638 1620.0
289.99999999999744 1630.0
2310.0000000002638 1640.0
2310.0000000002638 1660.0
2310.0000000002638 1680.0
2300.000000000273 140.0
2300.000000000273 160.0
299.9999999999997 170.0
2300.000000000273 180.0
299.9999999999997 190.0
2300.000000000273 200.0
299.9999999999997 210.0
2300.000000000273 220.0
2300.000000000273 460.0
2300.000000000273 480.0
2300.000000000273 500.0
2300.000000000273 1580.0
299.9999999999997 1590.0
2300.000000000273 1600.0
2300.000000000273 1620.0
299.9999999999997 1630.0
299.9999999999997 1650.0
2300.000000000273 1660.0
299.9999999999997 1870.0
310.000000000002 130.0
2290.000000000282 160.0
310.000000000002 170.0
2290.000000000282 180.0
2290.000000000282 200.0
2290.000000000282 220.0
2290.000000000282 440.0
2290.000000000282 460.0
310.000000000002 490.0
2290.000000000282 500.0
310.000000000002 1570.0
2290.000000000282 1580.0
310.000000000002 1590.0
2290.000000000282 1600.0
310.000000000002 1610.0
2290.000000000282 1620.0
2290.000000000282 1640.0
2290.000000000282 1660.0
310.000000000002 1810.0
310.000000000002 1890.0
320.00000000000426 110.0
320.00000000000426 130.0
2280.000000000291 140.0
320.00000000000426 150.0
2280.000000000291 160.0
320.00000000000426 170.0
2280.000000000291 180.0
320.00000000000426 190.0
2280.000000000291 200.0
2280.000000000291 220.0
2280.000000000291 460.0
2280.000000000291 480.0
320.00000000000426 490.0
2280.000000000291 500.0
2280.000000000291 1560.0
320.00000000000426 1570.0
2280.000000000291 1580.0
320.00000000000426 1590.0
2280.000000000291 1600.0
320.00000000000426 1630.0
320.00000000000426 1650.0
320.00000000000426 1810.0
320.00000000000426 1830.0
320.00000000000426 1850.0
320.00000000000426 1890.0
2280.000000000291 1900.0
2270.0000000003 120.0
2270.0000000003 140.0
2270.0000000003 160.0
2270.0000000003 180.0
2270.0000000003 200.0
2270.0000000003 440.0
330.00000000000654 470.0
2270.0000000003 480.0
330.00000000000654 490.0
2270.0000000003 500.0
2270.0000000003 520.0
330.00000000000654 650.0
330.00000000000654 1550.0
2270.0000000003 1560.0
330.00000000000654 1570.0
2270.0000000003 1580.0
330.00000000000654 1590.0
2270.0000000003 1600.0
330.00000000000654 1610.0
2270.0000000003 1620.0
330.00000000000654 1630.0
330.00000000000654 1650.0
330.00000000000654 1830.0
330.00000000000654 1910.0
2260.0000000003092 120.0
2260.0000000003092 140.0
2260.0000000003092 160.0
340.0000000000088 170.0
2260.0000000003092 180.0
340.0000000000088 190.0
2260.0000000003092 200.0
340.0000000000088 410.0
340.0000000000088 430.0
2260.0000000003092 440.0
340.0000000000088 450.0
340.0000000000088 470.0
2260.0000000003092 480.0
340.0000000000088 490.0
2260.0000000003092 500.0
2260.0000000003092 520.0
340.0000000000088 670.0
340.0000000000088 1550.0
340.0000000000088 1570.0
340.0000000000088 1610.0
340.0000000000088 1630.0
340.0000000000088 1830.0
340.0000000000088 1850.0
340.0000000000088 1870.0
340.0000000000088 1890.0
340.0000000000088 1910.0
350.0000000000111 110.0
2250.0000000003183 120.0
350.0000000000111 130.0
2250.0000000003183 140.0
350.0000000000111 150.0
2250.0000000003183 160.0
350.0000000000111 170.0
2250.0000000003183 180.0
2250.0000000003183 200.0
2250.0000000003183 440.0
2250.0000000003183 460.0
350.0000000000111 470.0
2250.0000000003183 480.0
350.0000000000111 490.0
2250.0000000003183 500.0
350.0000000000111 510.0
2250.0000000003183 520.0
350.0000000000111 1550.0
350.0000000000111 1570.0
2250.0000000003183 1580.0
350.0000000000111 1590.0
350.0000000000111 1610.0
350.0000000000111 1630.0
2250.0000000003183 1640.0
2250.0000000003183 1660.0
350.0000000000111 1850.0
350.0000000000111 1870.0
2250.0000000003183 1900.0
350.0000000000111 1910.0
350.0000000000111 1930.0
360.00000000001336 110.0
2240.0000000003274 120.0
360.00000000001336 130.0
360.00000000001336 150.0
360.00000000001336 170.0
2240.0000000003274 200.0
360.00000000001336 430.0
360.00000000001336 450.0
360.00000000001336 470.0
2240.0000000003274 480.0
2240.0000000003274 500.0
360.00000000001336 510.0
2240.0000000003274 520.0
360.00000000001336 1530.0
360.00000000001336 1550.0
360.00000000001336 1570.0
2240.0000000003274 1580.0
360.00000000001336 1590.0
2240.0000000003274 1600.0
360.00000000001336 1610.0
2240.0000000003274 1620.0
2240.0000000003274 1640.0
360.00000000001336 1850.0
360.00000000001336 1870.0
2240.0000000003274 1880.0
360.00000000001336 1890.0
360.00000000001336 1910.0
2240.0000000003274 1920.0
360.00000000001336 1930.0
2230.0000000003365 120.0
370.00000000001563 130.0
2230.0000000003365 140.0
370.00000000001563 150.0
370.00000000001563 170.0
2230.0000000003365 180.0
2230.0000000003365 200.0
370.00000000001563 410.0
370.00000000001563 430.0
2230.0000000003365 440.0
370.00000000001563 450.0
2230.0000000003365 460.0
2230.0000000003365 480.0
370.00000000001563 490.0
2230.0000000003365 500.0
2230.0000000003365 520.0
370.00000000001563 1530.0
370.00000000001563 1550.0
370.00000000001563 1590.0
370.00000000001563 1610.0
370.00000000001563 1850.0
2230.0000000003365 1860.0
370.00000000001563 1870.0
370.00000000001563 1890.0
2230.0000000003365 1900.0
370.00000000001563 1910.0
2230.0000000003365 1920.0
370.00000000001563 1930.0
380.0000000000179 110.0
380.0000000000179 130.0
2220.0000000003456 140.0
380.0000000000179 150.0
2220.0000000003456 220.0
2220.0000000003456 420.0
380.0000000000179 430.0
2220.0000000003456 440.0
2220.0000000003456 460.0
380.0000000000179 470.0
2220.0000000003456 480.0
380.0000000000179 490.0
2220.0000000003456 500.0
380.0000000000179 1530.0
380.0000000000179 1550.0
380.0000000000179 1610.0
2220.0000000003456 1680.0
380.0000000000179 1850.0
2220.0000000003456 1860.0
380.0000000000179 1870.0
380.0000000000179 1890.0
2220.0000000003456 1900.0
380.0000000000179 1910.0
380.0000000000179 1930.0
390.0000000000202 130.0
390.0000000000202 190.0
2210.0000000003547 200.0
390.0000000000202 390.0
390.0000000000202 410.0
2210.0000000003547 420.0
2210.0000000003547 440.0
2210.0000000003547 460.0
390.0000000000202 470.0
2210.0000000003547 480.0
390.0000000000202 490.0
2210.0000000003547 500.0
390.0000000000202 1530.0
390.0000000000202 1550.0
390.0000000000202 1590.0
2210.0000000003547 1600.0
390.0000000000202 1610.0
2210.0000000003547 1620.0
2210.0000000003547 1640.0
2210.0000000003547 1680.0
2210.0000000003547 1840.0
390.0000000000202 1850.0
2210.0000000003547 1860.0
390.0000000000202 1870.0
2210.0000000003547 1880.0
2210.0000000003547 1900.0
390.0000000000202 1910.0
390.0000000000202 1930.0
400.00000000002245 130.0
2200.000000000364 140.0
400.00000000002245 150.0
2200.000000000364 160.0
400.00000000002245 170.0
2200.000000000364 180.0
400.00000000002245 190.0
2200.000000000364 200.0
2200.000000000364 220.0
2200.000000000364 240.0
400.00000000002245 390.0
2200.000000000364 400.0
2200.000000000364 440.0
2200.000000000364 460.0
2200.000000000364 480.0
2200.000000000364 500.0
400.00000000002245 1550.0
2200.000000000364 1620.0
2200.000000000364 1640.0
2200.000000000364 1660.0
2200.000000000364 1680.0
2200.000000000364 1700.0
2200.000000000364 1840.0
2200.000000000364 1900.0
400.00000000002245 1910.0
2200.000000000364 1920.0
410.0000000000247 130.0
410.0000000000247 150.0
2190.000000000373 160.0
410.0000000000247 170.0
2190.000000000373 180.0
410.0000000000247 190.0
2190.000000000373 200.0
410.0000000000247 210.0
2190.000000000373 220.0
410.0000000000247 230.0
2190.000000000373 240.0
410.0000000000247 370.0
410.0000000000247 410.0
2190.000000000373 420.0
410.0000000000247 450.0
2190.000000000373 460.0
410.0000000000247 470.0
2190.000000000373 480.0
410.0000000000247 1570.0
410.0000000000247 1610.0
2190.000000000373 1620.0
410.0000000000247 1630.0
2190.000000000373 1640.0
2190.000000000373 1680.0
2190.000000000373 1700.0
410.0000000000247 1850.0
410.0000000000247 1870.0
410.0000000000247 1890.0
420.000000000027 150.0
2180.000000000382 160.0
420.000000000027 170.0
2180.000000000382 180.0
420.000000000027 190.0
2180.000000000382 200.0
420.000000000027 210.0
2180.000000000382 240.0
420.000000000027 370.0
420.000000000027 390.0
2180.000000000382 400.0
420.000000000027 430.0
2180.000000000382 440.0
2180.000000000382 480.0
420.000000000027 1550.0
420.000000000027 1570.0
420.000000000027 1590.0
420.000000000027 1610.0
2180.000000000382 1620.0
420.000000000027 1630.0
2180.000000000382 1640.0
2180.000000000382 1660.0
2180.000000000382 1680.0
420.000000000027 1810.0
420.000000000027 1850.0
420.000000000027 1870.0
2180.000000000382 1880.0
420.000000000027 1890.0
420.000000000027 1910.0
430.0000000000293 210.0
2170.000000000391 220.0
430.0000000000293 230.0
2170.000000000391 240.0
2170.000000000391 260.0
430.0000000000293 390.0
2170.000000000391 400.0
2170.000000000391 420.0
2170.000000000391 440.0
2170.000000000391 460.0
430.0000000000293 1570.0
430.0000000000293 1590.0
430.0000000000293 1610.0
430.0000000000293 1650.0
2170.000000000391 1660.0
2170.000000000391 1700.0
430.0000000000293 1830.0
430.0000000000293 1850.0
2170.000000000391 1880.0
430.0000000000293 1890.0
430.0000000000293 1910.0
2160.0000000004 180.0
440.00000000003155 190.0
2160.0000000004 200.0
2160.0000000004 220.0
440.00000000003155 230.0
2160.0000000004 240.0
2160.0000000004 260.0
440.00000000003155 370.0
440.00000000003155 390.0
2160.0000000004 400.0
440.00000000003155 410.0
2160.0000000004 440.0
2160.0000000004 460.0
440.00000000003155 1570.0
440.00000000003155 1590.0
440.00000000003155 1610.0
2160.0000000004 1640.0
2160.0000000004 1820.0
440.00000000003155 1850.0
440.00000000003155 1870.0
2160.0000000004 1880.0
440.00000000003155 1890.0
450.0000000000338 170.0
450.0000000000338 190.0
2150.0000000004093 200.0
450.0000000000338 210.0
2150.0000000004093 220.0
450.0000000000338 230.0
2150.0000000004093 260.0
450.0000000000338 370.0
2150.0000000004093 380.0
450.0000000000338 390.0
2150.0000000004093 400.0
450.0000000000338 410.0
2150.0000000004093 420.0
2150.0000000004093 440.0
450.0000000000338 1610.0
450.0000000000338 1670.0
2150.0000000004093 1820.0
2150.0000000004093 1860.0
450.0000000000338 1890.0
2140.0000000004184 200.0
2140.0000000004184 220.0
460.0000000000361 230.0
2140.0000000004184 240.0
460.0000000000361 250.0
460.0000000000361 370.0
460.0000000000361 390.0
2140.0000000004184 420.0
2140.0000000004184 440.0
460.0000000000361 1590.0
460.0000000000361 1610.0
460.0000000000361 1650.0
460.0000000000361 1790.0
460.0000000000361 1810.0
2140.0000000004184 1820.0
2140.0000000004184 1840.0
2140.0000000004184 1860.0
2140.0000000004184 1880.0
2130.0000000004275 200.0
470.00000000003837 210.0
2130.0000000004275 220.0
470.00000000003837 230.0
2130.0000000004275 240.0
470.00000000003837 250.0
2130.0000000004275 260.0
470.00000000003837 370.0
2130.0000000004275 380.0
470.00000000003837 390.0
2130.0000000004275 400.0
470.00000000003837 410.0
2130.0000000004275 420.0
2130.0000000004275 440.0
470.00000000003837 1610.0
2130.0000000004275 1720.0
470.00000000003837 1810.0
2130.0000000004275 1820.0
2130.0000000004275 1840.0
2130.0000000004275 1860.0
480.00000000004064 190.0
2120.0000000004366 220.0
480.00000000004064 230.0
2120.0000000004366 240.0
480.00000000004064 250.0
480.00000000004064 370.0
2120.0000000004366 380.0
480.00000000004064 390.0
2120.0000000004366 400.0
480.00000000004064 410.0
480.00000000004064 1610.0
480.00000000004064 1630.0
480.00000000004064 1670.0
2120.0000000004366 1700.0
2120.0000000004366 1720.0
480.00000000004064 1790.0
2120.0000000004366 1820.0
480.00000000004064 1830.0
2120.0000000004366 1840.0
490.0000000000429 210.0
2110.0000000004457 220.0
490.0000000000429 230.0
2110.0000000004457 240.0
490.0000000000429 250.0
2110.0000000004457 260.0
490.0000000000429 350.0
490.0000000000429 370.0
2110.0000000004457 380.0
490.0000000000429 390.0
2110.0000000004457 400.0
490.0000000000429 410.0
2110.0000000004457 420.0
490.0000000000429 1610.0
490.0000000000429 1630.0
2110.0000000004457 1700.0
490.0000000000429 1790.0
490.0000000000429 1810.0
2110.0000000004457 1840.0
2110.0000000004457 1860.0
500.0000000000452 210.0
2100.0000000004547 220.0
500.0000000000452 230.0
2100.0000000004547 240.0
500.0000000000452 250.0
2100.0000000004547 260.0
2100.0000000004547 280.0
2100.0000000004547 360.0
500.0000000000452 390.0
2100.0000000004547 400.0
2100.0000000004547 420.0
500.0000000000452 1630.0
500.0000000000452 1670.0
500.0000000000452 1790.0
2100.0000000004547 1800.0
2100.0000000004547 1820.0
500.0000000000452 1830.0
2100.0000000004547 1840.0
500.0000000000452 1850.0
2100.0000000004547 1860.0
510.00000000004746 10.0
2090.000000000464 220.0
510.00000000004746 230.0
510.00000000004746 250.0
2090.000000000464 260.0
510.00000000004746 350.0
2090.000000000464 360.0
510.00000000004746 370.0
510.00000000004746 390.0
2090.000000000464 400.0
2090.000000000464 420.0
510.00000000004746 1630.0
510.00000000004746 1650.0
510.00000000004746 1670.0
2090.000000000464 1700.0
2090.000000000464 1740.0
510.00000000004746 1790.0
2090.000000000464 1800.0
510.00000000004746 1810.0
2090.000000000464 1820.0
2090.000000000464 1840.0
2090.000000000464 1860.0
2080.000000000473 220.0
520.0000000000497 230.0
2080.000000000473 240.0
520.0000000000497 250.0
520.0000000000497 270.0
520.0000000000497 350.0
2080.000000000473 360.0
520.0000000000497 370.0
2080.000000000473 380.0
2080.000000000473 420.0
520.0000000000497 1630.0
520.0000000000497 1670.0
2080.000000000473 1680.0
520.0000000000497 1690.0
2080.000000000473 1700.0
2080.000000000473 1720.0
2080.000000000473 1800.0
2080.000000000473 1820.0
520.0000000000497 1830.0
2080.000000000473 1840.0
2080.000000000473 1860.0
2070.000000000482 220.0
530.000000000052 230.0
2070.000000000482 240.0
530.000000000052 250.0
530.000000000052 270.0
2070.000000000482 280.0
530.000000000052 330.0
530.000000000052 350.0
2070.000000000482 360.0
530.000000000052 370.0
2070.000000000482 380.0
2070.000000000482 400.0
530.000000000052 1630.0
530.000000000052 1670.0
530.000000000052 1690.0
2070.000000000482 1700.0
2070.000000000482 1720.0
2070.000000000482 1740.0
530.000000000052 1770.0
2070.000000000482 1780.0
530.000000000052 1790.0
2070.000000000482 1800.0
530.000000000052 1810.0
2070.000000000482 1820.0
2070.000000000482 1840.0
540.0000000000542 210.0
540.0000000000542 230.0
540.0000000000542 250.0
2060.000000000491 300.0
540.0000000000542 330.0
2060.000000000491 360.0
540.0000000000542 370.0
2060.000000000491 380.0
540.0000000000542 390.0
2060.000000000491 400.0
540.0000000000542 1650.0
540.0000000000542 1670.0
2060.000000000491 1680.0
2060.000000000491 1700.0
2060.000000000491 1720.0
2060.000000000491 1740.0
2060.000000000491 1760.0
540.0000000000542 1770.0
2060.000000000491 1780.0
540.0000000000542 1790.0
2060.000000000491 1800.0
540.0000000000542 1810.0
2060.000000000491 1820.0
2060.000000000491 1840.0
2060.000000000491 1860.0
550.0000000000565 210.0
550.0000000000565 230.0
2050.0000000005 240.0
2050.0000000005 260.0
550.0000000000565 270.0
2050.0000000005 300.0
550.0000000000565 330.0
2050.0000000005 340.0
550.0000000000565 350.0
550.0000000000565 370.0
2050.0000000005 380.0
550.0000000000565 1650.0
550.0000000000565 1670.0
550.0000000000565 1690.0
2050.0000000005 1720.0
2050.0000000005 1740.0
550.0000000000565 1770.0
2050.0000000005 1780.0
550.0000000000565 1790.0
2050.0000000005 1800.0
550.0000000000565 1810.0
2050.0000000005 1820.0
2050.0000000005 1840.0
560.0000000000588 210.0
560.0000000000588 230.0
560.0000000000588 250.0
2040.0000000005093 260.0
560.0000000000588 270.0
2040.0000000005093 300.0
560.0000000000588 310.0
560.0000000000588 330.0
2040.0000000005093 340.0
560.0000000000588 350.0
2040.0000000005093 360.0
2040.0000000005093 380.0
560.0000000000588 390.0
2040.0000000005093 400.0
560.0000000000588 1650.0
560.0000000000588 1670.0
2040.0000000005093 1680.0
560.0000000000588 1690.0
560.0000000000588 1710.0
2040.0000000005093 1720.0
2040.0000000005093 1740.0
560.0000000000588 1770.0
2040.0000000005093 1780.0
560.0000000000588 1790.0
2040.0000000005093 1800.0
560.0000000000588 1810.0
2040.0000000005093 1820.0
560.0000000000588 1830.0
2040.0000000005093 1840.0
570.000000000061 210.0
570.000000000061 230.0
2030.0000000005184 240.0
570.000000000061 250.0
2030.0000000005184 260.0
570.000000000061 270.0
2030.0000000005184 280.0
570.000000000061 290.0
570.000000000061 310.0
570.000000000061 330.0
2030.0000000005184 340.0
570.000000000061 350.0
2030.0000000005184 360.0
570.000000000061 370.0
2030.0000000005184 380.0
570.000000000061 390.0
2030.0000000005184 400.0
570.000000000061 1650.0
570.000000000061 1670.0
2030.0000000005184 1680.0
570.000000000061 1690.0
2030.0000000005184 1700.0
570.000000000061 1710.0
570.000000000061 1750.0
570.000000000061 1770.0
2030.0000000005184 1780.0
570.000000000061 1790.0
2030.0000000005184 1800.0
2030.0000000005184 1820.0
570.000000000061 1830.0
2030.0000000005184 1840.0
580.0000000000633 230.0
580.0000000000633 250.0
580.0000000000633 290.0
580.0000000000633 330.0
2020.0000000005275 340.0
580.0000000000633 350.0
2020.0000000005275 360.0
580.0000000000633 370.0
2020.0000000005275 380.0
580.0000000000633 390.0
2020.0000000005275 400.0
580.0000000000633 1650.0
580.0000000000633 1670.0
2020.0000000005275 1700.0
580.0000000000633 1710.0
2020.0000000005275 1720.0
2020.0000000005275 1740.0
580.0000000000633 1770.0
2020.0000000005275 1780.0
580.0000000000633 1790.0
2020.0000000005275 1800.0
580.0000000000633 1810.0
2020.0000000005275 1840.0
590.0000000000656 230.0
590.0000000000656 250.0
2010.0000000005366 280.0
590.0000000000656 290.0
2010.0000000005366 300.0
590.0000000000656 330.0
2010.0000000005366 340.0
590.0000000000656 350.0
2010.0000000005366 360.0
590.0000000000656 370.0
2010.0000000005366 380.0
2010.0000000005366 400.0
590.0000000000656 430.0
590.0000000000656 1650.0
590.0000000000656 1670.0
590.0000000000656 1690.0
590.0000000000656 1710.0
2010.0000000005366 1720.0
590.0000000000656 1730.0
2010.0000000005366 1740.0
590.0000000000656 1770.0
590.0000000000656 1790.0
2010.0000000005366 1800.0
2010.0000000005366 1820.0
2010.0000000005366 1840.0
600.0000000000679 230.0
2000.0000000005457 240.0
600.0000000000679 250.0
2000.0000000005457 260.0
2000.0000000005457 300.0
600.0000000000679 330.0
2000.0000000005457 340.0
600.0000000000679 350.0
2000.0000000005457 360.0
600.0000000000679 370.0
2000.0000000005457 380.0
2000.0000000005457 400.0
600.0000000000679 1650.0
600.0000000000679 1670.0
600.0000000000679 1690.0
2000.0000000005457 1700.0
600.0000000000679 1710.0
2000.0000000005457 1720.0
2000.0000000005457 1740.0
600.0000000000679 1750.0
600.0000000000679 1770.0
600.0000000000679 1790.0
2000.0000000005457 1800.0
600.0000000000679 1810.0
2000.0000000005457 1820.0
2000.0000000005457 1840.0
610.0000000000701 10.0
610.0000000000701 230.0
1990.0000000005548 260.0
610.0000000000701 270.0
1990.0000000005548 300.0
610.0000000000701 330.0
1990.0000000005548 340.0
610.0000000000701 350.0
1990.0000000005548 360.0
610.0000000000701 370.0
1990.0000000005548 380.0
610.0000000000701 1450.0
610.0000000000701 1650.0
610.0000000000701 1670.0
610.0000000000701 1690.0
610.0000000000701 1710.0
1990.0000000005548 1720.0
1990.0000000005548 1740.0
610.0000000000701 1750.0
610.0000000000701 1770.0
610.0000000000701 1790.0
1990.0000000005548 1800.0
610.0000000000701 1810.0
1990.0000000005548 1820.0
620.0000000000724 230.0
620.0000000000724 250.0
1980.000000000564 260.0
1980.000000000564 300.0
620.0000000000724 330.0
1980.000000000564 340.0
620.0000000000724 350.0
1980.000000000564 360.0
620.0000000000724 370.0
1980.000000000564 380.0
620.0000000000724 1650.0
620.0000000000724 1670.0
620.0000000000724 1690.0
1980.000000000564 1700.0
620.0000000000724 1710.0
1980.000000000564 1720.0
1980.000000000564 1740.0
620.0000000000724 1750.0
620.0000000000724 1770.0
620.0000000000724 1790.0
1980.000000000564 1800.0
620.0000000000724 1810.0
1980.000000000564 1820.0
1970.000000000573 260.0
1970.000000000573 280.0
1970.000000000573 300.0
630.0000000000747 330.0
1970.000000000573 340.0
630.0000000000747 350.0
1970.000000000573 360.0
630.0000000000747 370.0
1970.000000000573 380.0
630.0000000000747 1670.0
630.0000000000747 1690.0
630.0000000000747 1710.0
630.0000000000747 1750.0
630.0000000000747 1770.0
630.0000000000747 1790.0
1970.000000000573 1800.0
630.0000000000747 1810.0
1970.000000000573 1820.0
640.000000000077 250.0
1960.000000000582 260.0
640.000000000077 270.0
1960.000000000582 280.0
1960.000000000582 300.0
640.000000000077 330.0
1960.000000000582 340.0
640.000000000077 350.0
1960.000000000582 360.0
1960.000000000582 380.0
640.000000000077 1670.0
640.000000000077 1690.0
640.000000000077 1710.0
1960.000000000582 1780.0
640.000000000077 1790.0
1960.000000000582 1800.0
1960.000000000582 1820.0
650.0000000000792 30.0
650.0000000000792 250.0
650.0000000000792 270.0
1950.0000000005912 280.0
650.0000000000792 290.0
1950.0000000005912 300.0
650.0000000000792 330.0
1950.0000000005912 340.0
650.0000000000792 350.0
1950.0000000005912 360.0
1950.0000000005912 660.0
1950.0000000005912 680.0
650.0000000000792 1690.0
650.0000000000792 1710.0
1950.0000000005912 1720.0
650.0000000000792 1750.0
650.0000000000792 1770.0
1950.0000000005912 1780.0
650.0000000000792 1790.0
1950.0000000005912 1800.0
660.0000000000815 290.0
1940.0000000006003 300.0
1940.0000000006003 340.0
660.0000000000815 350.0
1940.0000000006003 360.0
1940.0000000006003 640.0
1940.0000000006003 660.0
1940.0000000006003 680.0
660.0000000000815 1670.0
660.0000000000815 1690.0
1940.0000000006003 1740.0
660.0000000000815 1750.0
660.0000000000815 1770.0
1940.0000000006003 1780.0
660.0000000000815 1790.0
1940.0000000006003 1800.0
1930.0000000006094 280.0
670.0000000000838 290.0
1930.0000000006094 340.0
670.0000000000838 350.0
1930.0000000006094 360.0
1930.0000000006094 620.0
1930.0000000006094 640.0
1930.0000000006094 660.0
1930.0000000006094 680.0
670.0000000000838 1690.0
1930.0000000006094 1740.0
670.0000000000838 1750.0
670.0000000000838 1770.0
1930.0000000006094 1780.0
1930.0000000006094 1800.0
1920.0000000006185 280.0
680.0000000000861 290.0
1920.0000000006185 340.0
1920.0000000006185 360.0
1920.0000000006185 580.0
1920.0000000006185 600.0
1920.0000000006185 620.0
1920.0000000006185 640.0
1920.0000000006185 660.0
1920.0000000006185 680.0
680.0000000000861 1690.0
680.0000000000861 1710.0
1920.0000000006185 1740.0
680.0000000000861 1750.0
1920.0000000006185 1780.0
690.0000000000883 270.0
690.0000000000883 290.0
690.0000000000883 330.0
1910.0000000006276 340.0
1910.0000000006276 560.0
1910.0000000006276 580.0
1910.0000000006276 600.0
1910.0000000006276 620.0
1910.0000000006276 640.0
1910.0000000006276 660.0
690.0000000000883 1710.0
1910.0000000006276 1740.0
690.0000000000883 1750.0
690.0000000000883 1770.0
1910.0000000006276 1780.0
700.0000000000906 10.0
1900.0000000006366 300.0
700.0000000000906 330.0
1900.0000000006366 340.0
1900.0000000006366 540.0
1900.0000000006366 560.0
1900.0000000006366 580.0
1900.0000000006366 600.0
1900.0000000006366 620.0
700.0000000000906 1690.0
700.0000000000906 1710.0
700.0000000000906 1750.0
700.0000000000906 1770.0
710.0000000000929 290.0
1890.0000000006457 300.0
1890.0000000006457 340.0
1890.0000000006457 500.0
1890.0000000006457 520.0
1890.0000000006457 540.0
1890.0000000006457 560.0
1890.0000000006457 580.0
1890.0000000006457 600.0
710.0000000000929 1710.0
710.0000000000929 1750.0
710.0000000000929 1770.0
720.0000000000952 290.0
1880.0000000006548 500.0
1880.0000000006548 520.0
1880.0000000006548 540.0
1880.0000000006548 560.0
1880.0000000006548 660.0
720.0000000000952 1750.0
1870.000000000664 460.0
1870.000000000664 480.0
1870.000000000664 500.0
1870.000000000664 520.0
1870.000000000664 540.0
730.0000000000974 1750.0
740.0000000000997 10.0
1860.000000000673 440.0
1860.000000000673 460.0
1860.000000000673 480.0
1860.000000000673 500.0
1860.000000000673 620.0
740.0000000000997 1750.0
750.000000000102 10.0
1850.0000000006821 420.0
1850.0000000006821 440.0
1850.0000000006821 460.0
1850.0000000006821 560.0
1850.0000000006821 660.0
1840.0000000006912 400.0
1840.0000000006912 420.0
1840.0000000006912 440.0
1840.0000000006912 540.0
1830.0000000007003 380.0
1830.0000000007003 400.0
770.0000000001065 1370.0
1820.0000000007094 360.0
1820.0000000007094 380.0
1820.0000000007094 460.0
1820.0000000007094 580.0
780.0000000001088 1350.0
780.0000000001088 1370.0
780.0000000001088 1390.0
780.0000000001088 1490.0
790.0000000001111 10.0
790.0000000001111 50.0
1810.0000000007185 340.0
1810.0000000007185 460.0
1810.0000000007185 480.0
1810.0000000007185 520.0
790.0000000001111 1350.0
790.0000000001111 1370.0
790.0000000001111 1390.0
790.0000000001111 1410.0
790.0000000001111 1430.0
800.0000000001133 30.0
1800.0000000007276 440.0
800.0000000001133 1350.0
800.0000000001133 1370.0
800.0000000001133 1390.0
800.0000000001133 1450.0
1800.0000000007276 1820.0
810.0000000001156 10.0
1790.0000000007367 1080.0
810.0000000001156 1350.0
810.0000000001156 1370.0
810.0000000001156 1390.0
810.0000000001156 1410.0
810.0000000001156 1470.0
820.0000000001179 1350.0
820.0000000001179 1370.0
820.0000000001179 1390.0
820.0000000001179 1410.0
820.0000000001179 1430.0
820.0000000001179 1450.0
820.0000000001179 1470.0
1770.0000000007549 340.0
1770.0000000007549 360.0
1770.0000000007549 400.0
830.0000000001202 1370.0
830.0000000001202 1390.0
830.0000000001202 1410.0
830.0000000001202 1430.0
830.0000000001202 1510.0
1760.000000000764 340.0
1760.000000000764 460.0
840.0000000001224 1390.0
840.0000000001224 1410.0
840.0000000001224 1430.0
840.0000000001224 1450.0
1750.000000000773 280.0
850.0000000001247 1410.0
850.0000000001247 1430.0
850.0000000001247 1450.0
850.0000000001247 1470.0
1740.0000000007822 240.0
1740.0000000007822 380.0
860.000000000127 1350.0
860.000000000127 1430.0
860.000000000127 1450.0
860.000000000127 1470.0
860.000000000127 1490.0
860.000000000127 1510.0
870.0000000001293 110.0
870.0000000001293 1470.0
870.0000000001293 1490.0
870.0000000001293 1510.0
870.0000000001293 1530.0
880.0000000001315 1490.0
880.0000000001315 1510.0
880.0000000001315 1530.0
880.0000000001315 1550.0
890.0000000001338 90.0
1710.0000000008095 200.0
1710.0000000008095 300.0
1710.0000000008095 760.0
890.0000000001338 1510.0
890.0000000001338 1530.0
890.0000000001338 1550.0
890.0000000001338 1570.0
900.0000000001361 50.0
900.0000000001361 1530.0
900.0000000001361 1550.0
900.0000000001361 1570.0
900.0000000001361 1590.0
1690.0000000008276 1320.0
1690.0000000008276 1340.0
910.0000000001384 1550.0
910.0000000001384 1570.0
910.0000000001384 1590.0
910.0000000001384 1610.0
910.0000000001384 1710.0
1680.0000000008367 20.0
1680.0000000008367 220.0
1680.0000000008367 1320.0
920.0000000001406 1570.0
920.0000000001406 1590.0
920.0000000001406 1610.0
920.0000000001406 1650.0
920.0000000001406 1710.0
1670.0000000008458 0.0
1670.0000000008458 20.0
930.0000000001429 30.0
1670.0000000008458 40.0
930.0000000001429 90.0
930.0000000001429 1590.0
930.0000000001429 1610.0
1660.000000000855 0.0
940.0000000001452 50.0
940.0000000001452 90.0
940.0000000001452 550.0
940.0000000001452 670.0
1660.000000000855 1140.0
1660.000000000855 1340.0
940.0000000001452 1610.0
940.0000000001452 1690.0
1650.000000000864 0.0
950.0000000001475 50.0
1650.000000000864 140.0
1650.000000000864 760.0
1650.000000000864 1340.0
950.0000000001475 1650.0
950.0000000001475 1670.0
950.0000000001475 1690.0
950.0000000001475 1710.0
1640.0000000008731 0.0
1640.0000000008731 40.0
960.0000000001497 1670.0
960.0000000001497 1690.0
960.0000000001497 1710.0
1630.0000000008822 0.0
1630.0000000008822 1360.0
970.000000000152 1690.0
970.000000000152 1710.0
1620.0000000008913 0.0
980.0000000001543 50.0
1620.0000000008913 1340.0
1620.0000000008913 1360.0
980.0000000001543 1710.0
980.0000000001543 1790.0
1610.0000000009004 0.0
1610.0000000009004 20.0
1610.0000000009004 60.0
1610.0000000009004 80.0
1610.0000000009004 740.0
990.0000000001565 1790.0
990.0000000001565 1810.0
1600.0000000009095 0.0
1600.0000000009095 20.0
1000.0000000001588 30.0
1000.0000000001588 50.0
1000.0000000001588 70.0
1600.0000000009095 740.0
1000.0000000001588 1310.0
1000.0000000001588 1810.0
1590.0000000009186 0.0
1590.0000000009186 20.0
1590.0000000009186 140.0
1590.0000000009186 160.0
1590.0000000009186 1100.0
1590.0000000009186 1400.0
1010.0000000001611 1810.0
1010.0000000001611 1850.0
1580.0000000009277 0.0
1580.0000000009277 20.0
1580.0000000009277 40.0
1020.0000000001634 50.0
1580.0000000009277 120.0
1580.0000000009277 140.0
1020.0000000001634 630.0
1580.0000000009277 1360.0
1580.0000000009277 1580.0
1020.0000000001634 1790.0
1020.0000000001634 1810.0
1020.0000000001634 1830.0
1570.0000000009368 0.0
1570.0000000009368 20.0
1570.0000000009368 40.0
1570.0000000009368 80.0
1030.0000000001587 1210.0
1570.0000000009368 1560.0
1030.0000000001587 1810.0
1030.0000000001587 1830.0
1030.0000000001587 1850.0
1560.0000000009459 0.0
1560.0000000009459 20.0
1560.0000000009459 40.0
1040.0000000001496 70.0
1560.0000000009459 1360.0
1560.0000000009459 1380.0
1040.0000000001496 1830.0
1040.0000000001496 1850.0
1040.0000000001496 1870.0
1550.000000000955 0.0
1550.000000000955 20.0
1550.000000000955 40.0
1550.000000000955 80.0
1550.000000000955 140.0
1050.0000000001405 790.0
1550.000000000955 1360.0
1550.000000000955 1540.0
1050.0000000001405 1870.0
1050.0000000001405 1890.0
1050.0000000001405 1910.0
1540.000000000964 0.0
1540.000000000964 20.0
1540.000000000964 40.0
1060.0000000001314 50.0
1540.000000000964 80.0
1540.000000000964 100.0
1540.000000000964 1280.0
1060.0000000001314 1890.0
1060.0000000001314 1910.0
1060.0000000001314 1930.0
1530.0000000009732 0.0
1530.0000000009732 20.0
1530.0000000009732 40.0
1530.0000000009732 60.0
1070.0000000001223 70.0
1530.0000000009732 80.0
1530.0000000009732 1220.0
1070.0000000001223 1230.0
1530.0000000009732 1360.0
1530.0000000009732 1520.0
1070.0000000001223 1910.0
1070.0000000001223 1930.0
1070.0000000001223 1950.0
1520.0000000009823 0.0
1520.0000000009823 20.0
1520.0000000009823 40.0
1520.0000000009823 100.0
1520.0000000009823 1200.0
1080.0000000001132 1350.0
1520.0000000009823 1380.0
1080.0000000001132 1950.0
1080.0000000001132 1970.0
1510.0000000009913 0.0
1510.0000000009913 20.0
1510.0000000009913 40.0
1090.0000000001041 1450.0
1510.0000000009913 1500.0
1090.0000000001041 1950.0
1090.0000000001041 1970.0
1090.0000000001041 1990.0
1500.0000000010004 0.0
1500.0000000010004 20.0
1500.0000000010004 40.0
1500.0000000010004 60.0
1500.0000000010004 1220.0
1100.000000000095 1270.0
1500.0000000010004 1280.0
1100.000000000095 1970.0
1100.000000000095 1990.0
1100.000000000095 2010.0
1490.0000000010095 0.0
1490.0000000010095 20.0
1490.0000000010095 40.0
1490.0000000010095 60.0
1110.000000000086 1170.0
1110.000000000086 1270.0
1490.0000000010095 1360.0
1490.0000000010095 1380.0
1490.0000000010095 1480.0
1110.000000000086 1990.0
1480.0000000010186 0.0
1480.0000000010186 20.0
1480.0000000010186 40.0
1480.0000000010186 60.0
1480.0000000010186 80.0
1480.0000000010186 700.0
1480.0000000010186 720.0
1120.0000000000769 1170.0
1480.0000000010186 1340.0
1120.0000000000769 2010.0
1470.0000000010277 0.0
1470.0000000010277 20.0
1470.0000000010277 40.0
1470.0000000010277 60.0
1130.0000000000678 1130.0
1130.0000000000678 1190.0
1470.0000000010277 1240.0
1470.0000000010277 1460.0
1130.0000000000678 2030.0
1460.0000000010368 0.0
1460.0000000010368 20.0
1460.0000000010368 40.0
1460.0000000010368 60.0
1140.0000000000587 1130.0
1140.0000000000587 1150.0
1140.0000000000587 1190.0
1460.0000000010368 1240.0
1460.0000000010368 1360.0
1460.0000000010368 1380.0
1450.000000001046 0.0
1450.000000001046 20.0
1450.000000001046 700.0
1150.0000000000496 1110.0
1150.0000000000496 1130.0
1150.0000000000496 1150.0
1150.0000000000496 1170.0
1450.000000001046 1340.0
1450.000000001046 1440.0
1440.000000001055 1040.0
1160.0000000000405 1150.0
1440.000000001055 1280.0
1430.000000001064 680.0
1430.000000001064 1080.0
1170.0000000000314 1130.0
1170.0000000000314 1150.0
1430.000000001064 1160.0
1170.0000000000314 1170.0
1170.0000000000314 1190.0
1430.000000001064 1220.0
1430.000000001064 1420.0
1180.0000000000223 1110.0
1180.0000000000223 1170.0
1410.0000000010823 1060.0
1190.0000000000132 1070.0
1410.0000000010823 1080.0
1190.0000000000132 1150.0
1190.0000000000132 1170.0
1190.0000000000132 1190.0
1200.000000000004 1190.0
1200.000000000004 1230.0
1400.0000000010914 1240.0
1400.0000000010914 1260.0
1390.0000000011005 1040.0
1390.0000000011005 1060.0
1390.0000000011005 1120.0
1209.999999999995 1150.0
1390.0000000011005 1160.0
1209.999999999995 1190.0
1209.999999999995 1210.0
1390.0000000011005 1240.0
1390.0000000011005 1380.0
1219.999999999986 1030.0
1380.0000000011096 1040.0
1219.999999999986 1090.0
1380.0000000011096 1120.0
1219.999999999986 1210.0
1219.999999999986 1230.0
1380.0000000011096 1240.0
1380.0000000011096 1340.0
1380.0000000011096 1360.0
1380.0000000011096 1400.0
1229.9999999999768 650.0
1370.0000000011187 980.0
1229.9999999999768 1050.0
1370.0000000011187 1060.0
1370.0000000011187 1140.0
1370.0000000011187 1180.0
1229.9999999999768 1210.0
1229.9999999999768 1230.0
1229.9999999999768 1250.0
1360.0000000011278 1020.0
1360.0000000011278 1040.0
1360.0000000011278 1080.0
1239.9999999999677 1230.0
1360.0000000011278 1340.0
1360.0000000011278 1360.0
1350.0000000011369 980.0
1249.9999999999586 1010.0
1350.0000000011369 1020.0
1350.0000000011369 1040.0
1249.9999999999586 1230.0
1249.9999999999586 1250.0
1350.0000000011369 1360.0
1340.000000001146 960.0
1340.000000001146 1020.0
1259.9999999999495 1130.0
1259.9999999999495 1250.0
1259.9999999999495 1270.0
1259.9999999999495 1290.0
1269.9999999999404 810.0
1330.000000001155 920.0
1269.9999999999404 970.0
1330.000000001155 1000.0
1330.000000001155 1020.0
1330.000000001155 1080.0
1330.000000001155 1100.0
1330.000000001155 1240.0
1269.9999999999404 1250.0
1269.9999999999404 1270.0
1269.9999999999404 1290.0
1320.0000000011642 960.0
1279.9999999999313 970.0
1279.9999999999313 990.0
1320.0000000011642 1000.0
1320.0000000011642 1020.0
1320.0000000011642 1080.0
1279.9999999999313 1170.0
1279.9999999999313 1270.0
1279.9999999999313 1290.0
1310.0000000011732 940.0
1310.0000000011732 960.0
1289.9999999999222 970.0
1310.0000000011732 980.0
1289.9999999999222 990.0
1310.0000000011732 1000.0
1310.0000000011732 1040.0
1289.9999999999222 1070.0
1289.9999999999222 1270.0
1289.9999999999222 1290.0
1300.0000000011823 980.0
1299.9999999999131 990.0
1300.0000000011823 1000.0
1299.9999999999131 1010.0
1299.9999999999131 1030.0
1300.0000000011823 1080.0
1299.9999999999131 1090.0
1300.0000000011823 1120.0
1299.9999999999131 1170.0
1300.0000000011823 1220.0
1300.0000000011823 1280.0
1299.9999999999131 1290.0
1290.0000000011914 980.0
1309.999999999904 990.0
1290.0000000011914 1000.0
1309.999999999904 1010.0
1309.999999999904 1230.0
1290.0000000011914 1280.0
1309.999999999904 1290.0
1309.999999999904 1310.0
1319.999999999895 890.0
1319.999999999895 930.0
1280.0000000012005 960.0
1319.999999999895 970.0
1280.0000000012005 980.0
1319.999999999895 990.0
1319.999999999895 1010.0
1319.999999999895 1050.0
1319.999999999895 1070.0
1280.0000000012005 1080.0
1280.0000000012005 1140.0
1280.0000000012005 1260.0
1280.0000000012005 1280.0
1319.999999999895 1350.0
1329.9999999998859 950.0
1270.0000000012096 980.0
1329.9999999998859 990.0
1329.9999999998859 1010.0
1329.9999999998859 1030.0
1329.9999999998859 1050.0
1270.0000000012096 1060.0
1270.0000000012096 1080.0
1329.9999999998859 1110.0
1329.9999999998859 1130.0
1270.0000000012096 1260.0
1270.0000000012096 1280.0
1329.9999999998859 1310.0
1329.9999999998859 1350.0
1260.0000000012187 980.0
1339.9999999998768 990.0
1339.9999999998768 1010.0
1260.0000000012187 1020.0
1339.9999999998768 1030.0
1339.9999999998768 1090.0
1339.9999999998768 1130.0
1260.0000000012187 1140.0
1339.9999999998768 1190.0
1260.0000000012187 1240.0
1260.0000000012187 1260.0
1260.0000000012187 1280.0
1339.9999999998768 1350.0
1349.9999999998677 950.0
1349.9999999998677 1010.0
1349.9999999998677 1030.0
1250.0000000012278 1060.0
1349.9999999998677 1150.0
1250.0000000012278 1240.0
1349.9999999998677 1330.0
1359.9999999998586 970.0
1359.9999999998586 1010.0
1359.9999999998586 1030.0
1240.000000001237 1040.0
1359.9999999998586 1050.0
1240.000000001237 1060.0
1240.000000001237 1100.0
1240.000000001237 1120.0
1240.000000001237 1220.0
1240.000000001237 1240.0
1369.9999999998495 1010.0
1369.9999999998495 1030.0
1230.000000001246 1120.0
1369.9999999998495 1130.0
1230.000000001246 1220.0
1369.9999999998495 1230.0
1230.000000001246 1240.0
1369.9999999998495 1330.0
1369.9999999998495 1350.0
1379.9999999998404 1030.0
1379.9999999998404 1050.0
1220.000000001255 1080.0
1379.9999999998404 1170.0
1220.000000001255 1200.0
1220.000000001255 1220.0
1210.0000000012642 820.0
1389.9999999998313 950.0
1389.9999999998313 990.0
1389.9999999998313 1130.0
1389.9999999998313 1190.0
1210.0000000012642 1200.0
1389.9999999998313 1370.0
1399.9999999998222 1050.0
1399.9999999998222 1070.0
1399.9999999998222 1130.0
1200.0000000012733 1180.0
1399.9999999998222 1190.0
1200.0000000012733 1200.0
1399.9999999998222 1210.0
1200.0000000012733 1220.0
1399.9999999998222 1250.0
1190.0000000012824 740.0
1190.0000000012824 1180.0
1190.0000000012824 1200.0
1190.0000000012824 1240.0
1409.999999999813 1250.0
1409.999999999813 1390.0
1180.0000000012915 880.0
1419.999999999804 1010.0
1180.0000000012915 1140.0
1180.0000000012915 1160.0
1180.0000000012915 1180.0
1429.999999999795 690.0
1429.999999999795 1030.0
1429.999999999795 1070.0
1170.0000000013006 1100.0
1170.0000000013006 1160.0
1429.999999999795 1250.0
1429.999999999795 1290.0
1429.999999999795 1430.0
1439.9999999997858 990.0
1439.9999999997858 1110.0
1160.0000000013097 1120.0
1160.0000000013097 1140.0
1439.9999999997858 1150.0
1160.0000000013097 1160.0
1439.9999999997858 1170.0
1439.9999999997858 1230.0
1439.9999999997858 1430.0
1449.9999999997767 10.0
1449.9999999997767 30.0
1150.0000000013188 1140.0
1449.9999999997767 1170.0
1449.9999999997767 1230.0
1150.0000000013188 2080.0
1459.9999999997676 10.0
1459.9999999997676 30.0
1459.9999999997676 50.0
1459.9999999997676 690.0
1140.0000000013279 900.0
1140.0000000013279 1120.0
1140.0000000013279 1140.0
1140.0000000013279 1180.0
1459.9999999997676 1370.0
1459.9999999997676 1390.0
1459.9999999997676 1410.0
1140.0000000013279 2060.0
1469.9999999997585 10.0
1469.9999999997585 30.0
1469.9999999997585 50.0
1469.9999999997585 70.0
1130.000000001337 900.0
1130.000000001337 1140.0
1130.000000001337 1160.0
1130.000000001337 1240.0
1130.000000001337 2040.0
1479.9999999997494 10.0
1479.9999999997494 30.0
1479.9999999997494 50.0
1120.000000001346 320.0
1120.000000001346 1140.0
1479.9999999997494 1390.0
1479.9999999997494 1430.0
1120.000000001346 2020.0
1489.9999999997403 10.0
1489.9999999997403 30.0
1489.9999999997403 50.0
1110.0000000013551 320.0
1489.9999999997403 730.0
1110.0000000013551 1140.0
1110.0000000013551 1180.0
1110.0000000013551 1360.0
1110.0000000013551 2000.0
1499.9999999997312 10.0
1499.9999999997312 30.0
1499.9999999997312 50.0
1100.0000000013642 320.0
1100.0000000013642 780.0
1100.0000000013642 1220.0
1499.9999999997312 1370.0
1499.9999999997312 1390.0
1499.9999999997312 1490.0
1100.0000000013642 1980.0
1100.0000000013642 2000.0
1100.0000000013642 2020.0
1509.9999999997221 10.0
1509.9999999997221 30.0
1509.9999999997221 50.0
1090.0000000013733 320.0
1509.9999999997221 1330.0
1090.0000000013733 1960.0
1090.0000000013733 1980.0
1090.0000000013733 2000.0
1519.999999999713 10.0
1519.999999999713 30.0
1519.999999999713 50.0
1080.0000000013824 320.0
1080.0000000013824 1180.0
1519.999999999713 1190.0
1519.999999999713 1270.0
1519.999999999713 1350.0
1519.999999999713 1370.0
1519.999999999713 1390.0
1080.0000000013824 1960.0
1080.0000000013824 1980.0
1529.999999999704 10.0
1529.999999999704 30.0
1529.999999999704 50.0
1529.999999999704 70.0
1070.0000000013915 320.0
1070.0000000013915 1180.0
1529.999999999704 1370.0
1529.999999999704 1390.0
1529.999999999704 1410.0
1070.0000000013915 1920.0
1070.0000000013915 1940.0
1070.0000000013915 1960.0
1539.9999999996949 10.0
1539.9999999996949 30.0
1539.9999999996949 90.0
1060.0000000014006 320.0
1539.9999999996949 1530.0
1060.0000000014006 1880.0
1060.0000000014006 1900.0
1060.0000000014006 1920.0
1549.9999999996858 10.0
1549.9999999996858 30.0
1549.9999999996858 70.0
1050.0000000014097 80.0
1050.0000000014097 320.0
1050.0000000014097 1200.0
1050.0000000014097 1340.0
1549.9999999996858 1370.0
1549.9999999996858 1390.0
1050.0000000014097 1860.0
1050.0000000014097 1880.0
1050.0000000014097 1900.0
1050.0000000014097 1960.0
1559.9999999996767 10.0
1040.0000000014188 20.0
1559.9999999996767 30.0
1040.0000000014188 40.0
1559.9999999996767 70.0
1559.9999999996767 150.0
1040.0000000014188 320.0
1040.0000000014188 580.0
1559.9999999996767 1190.0
1040.0000000014188 1340.0
1559.9999999996767 1550.0
1040.0000000014188 1840.0
1040.0000000014188 1860.0
1040.0000000014188 1880.0
1569.9999999996676 10.0
1569.9999999996676 30.0
1569.9999999996676 70.0
1569.9999999996676 90.0
1030.000000001428 320.0
1569.9999999996676 1130.0
1569.9999999996676 1190.0
1030.000000001428 1820.0
1030.000000001428 1840.0
1030.000000001428 1860.0
1030.000000001428 1920.0
1579.9999999996585 10.0
1579.9999999996585 30.0
1579.9999999996585 90.0
1579.9999999996585 110.0
1579.9999999996585 130.0
1020.0000000014325 320.0
1020.0000000014325 740.0
1579.9999999996585 1350.0
1020.0000000014325 1800.0
1020.0000000014325 1820.0
1020.0000000014325 1840.0
1589.9999999996494 10.0
1589.9999999996494 30.0
1589.9999999996494 150.0
1010.0000000014302 320.0
1589.9999999996494 1150.0
1589.9999999996494 1350.0
1010.0000000014302 1800.0
1010.0000000014302 1820.0
1599.9999999996403 10.0
1000.0000000014279 60.0
1000.0000000014279 320.0
1599.9999999996403 1590.0
1000.0000000014279 1800.0
1000.0000000014279 1820.0
1000.0000000014279 1840.0
1609.9999999996312 10.0
1609.9999999996312 30.0
990.0000000014256 60.0
990.0000000014256 320.0
1609.9999999996312 1170.0
990.0000000014256 1280.0
1609.9999999996312 1350.0
990.0000000014256 1800.0
990.0000000014256 1820.0
1619.999999999622 10.0
1619.999999999622 30.0
980.0000000014234 80.0
980.0000000014234 320.0
980.0000000014234 900.0
1619.999999999622 1610.0
980.0000000014234 1800.0
1629.999999999613 10.0
1629.999999999613 230.0
970.0000000014211 320.0
970.0000000014211 700.0
960.0000000014188 0.0
1639.999999999604 10.0
960.0000000014188 320.0
1639.999999999604 1630.0
960.0000000014188 1660.0
960.0000000014188 1800.0
1639.999999999604 1810.0
960.0000000014188 1820.0
1649.9999999995948 10.0
950.0000000014165 40.0
1649.9999999995948 50.0
950.0000000014165 60.0
950.0000000014165 100.0
950.0000000014165 320.0
1649.9999999995948 1330.0
950.0000000014165 1640.0
950.0000000014165 1660.0
950.0000000014165 1820.0
950.0000000014165 1840.0
1659.9999999995857 50.0
940.0000000014143 120.0
1659.9999999995857 130.0
940.0000000014143 320.0
940.0000000014143 560.0
1659.9999999995857 1650.0
940.0000000014143 1660.0
940.0000000014143 1680.0
940.0000000014143 1700.0
930.000000001412 40.0
1669.9999999995766 170.0
930.000000001412 320.0
1669.9999999995766 1130.0
930.000000001412 1600.0
930.000000001412 1680.0
920.0000000014097 320.0
1679.9999999995675 1270.0
1679.9999999995675 1330.0
920.0000000014097 1580.0
920.0000000014097 1600.0
920.0000000014097 1640.0
1689.9999999995584 210.0
910.0000000014074 320.0
910.0000000014074 560.0
910.0000000014074 1560.0
910.0000000014074 1580.0
910.0000000014074 1600.0
900.0000000014052 40.0
900.0000000014052 320.0
900.0000000014052 1540.0
900.0000000014052 1560.0
900.0000000014052 1580.0
900.0000000014052 1600.0
900.0000000014052 1700.0
890.0000000014029 40.0
890.0000000014029 320.0
890.0000000014029 1520.0
890.0000000014029 1540.0
890.0000000014029 1560.0
890.0000000014029 1580.0
1719.9999999995312 30.0
880.0000000014006 120.0
1719.9999999995312 210.0
880.0000000014006 320.0
1719.9999999995312 1310.0
880.0000000014006 1480.0
880.0000000014006 1500.0
880.0000000014006 1520.0
880.0000000014006 1540.0
880.0000000014006 1560.0
1729.999999999522 230.0
870.0000000013983 320.0
870.0000000013983 560.0
1729.999999999522 1110.0
1729.999999999522 1330.0
870.0000000013983 1460.0
870.0000000013983 1480.0
870.0000000013983 1500.0
870.0000000013983 1520.0
1739.999999999513 250.0
1739.999999999513 270.0
1739.999999999513 390.0
860.0000000013961 1440.0
860.0000000013961 1460.0
860.0000000013961 1480.0
860.0000000013961 1500.0
850.0000000013938 1420.0
850.0000000013938 1440.0
850.0000000013938 1460.0
850.0000000013938 1480.0
840.0000000013915 0.0
840.0000000013915 20.0
840.0000000013915 1400.0
840.0000000013915 1420.0
840.0000000013915 1440.0
840.0000000013915 1460.0
830.0000000013893 80.0
1769.9999999994857 350.0
1769.9999999994857 1350.0
830.0000000013893 1380.0
830.0000000013893 1400.0
830.0000000013893 1420.0
830.0000000013893 1440.0
830.0000000013893 1480.0
1779.9999999994766 370.0
820.000000001387 1360.0
820.000000001387 1380.0
820.000000001387 1400.0
820.000000001387 1420.0
820.000000001387 1460.0
1789.9999999994675 370.0
1789.9999999994675 390.0
1789.9999999994675 1310.0
810.0000000013847 1340.0
810.0000000013847 1360.0
810.0000000013847 1380.0
810.0000000013847 1400.0
810.0000000013847 1440.0
810.0000000013847 1460.0
810.0000000013847 1480.0
800.0000000013824 20.0
1799.9999999994584 310.0
1799.9999999994584 410.0
1799.9999999994584 430.0
1799.9999999994584 490.0
1799.9999999994584 1310.0
800.0000000013824 1340.0
800.0000000013824 1360.0
800.0000000013824 1380.0
800.0000000013824 1400.0
800.0000000013824 1420.0
800.0000000013824 1440.0
800.0000000013824 1460.0
790.0000000013802 0.0
790.0000000013802 20.0
1809.9999999994493 330.0
1809.9999999994493 430.0
1809.9999999994493 450.0
1809.9999999994493 550.0
1809.9999999994493 830.0
790.0000000013802 1360.0
790.0000000013802 1380.0
790.0000000013802 1400.0
790.0000000013802 1420.0
780.0000000013779 320.0
1819.9999999994402 350.0
1819.9999999994402 370.0
1819.9999999994402 470.0
780.0000000013779 1360.0
780.0000000013779 1380.0
780.0000000013779 1400.0
770.0000000013756 40.0
770.0000000013756 60.0
770.0000000013756 320.0
1829.999999999431 370.0
1829.999999999431 390.0
1829.999999999431 470.0
770.0000000013756 540.0
770.0000000013756 580.0
1829.999999999431 590.0
770.0000000013756 980.0
770.0000000013756 1360.0
770.0000000013756 1380.0
1839.999999999422 390.0
1839.999999999422 410.0
1839.999999999422 430.0
760.0000000013733 1360.0
750.0000000013711 20.0
1849.999999999413 410.0
1849.999999999413 430.0
1849.999999999413 450.0
1849.999999999413 650.0
750.0000000013711 1740.0
740.0000000013688 0.0
1859.9999999994038 450.0
1859.9999999994038 470.0
1859.9999999994038 490.0
1859.9999999994038 670.0
740.0000000013688 1720.0
740.0000000013688 1740.0
1869.9999999993947 450.0
1869.9999999993947 470.0
1869.9999999993947 490.0
1869.9999999993947 510.0
1869.9999999993947 530.0
1869.9999999993947 630.0
730.0000000013665 1720.0
730.0000000013665 1740.0
1879.9999999993856 310.0
1879.9999999993856 330.0
1879.9999999993856 490.0
1879.9999999993856 510.0
1879.9999999993856 530.0
1879.9999999993856 550.0
720.0000000013642 600.0
720.0000000013642 1300.0
720.0000000013642 1720.0
720.0000000013642 1740.0
710.000000001362 0.0
710.000000001362 60.0
710.000000001362 300.0
1889.9999999993765 310.0
1889.9999999993765 330.0
1889.9999999993765 510.0
1889.9999999993765 530.0
1889.9999999993765 550.0
1889.9999999993765 570.0
710.000000001362 1040.0
710.000000001362 1700.0
710.000000001362 1740.0
700.0000000013597 0.0
700.0000000013597 300.0
1899.9999999993674 310.0
1899.9999999993674 330.0
1899.9999999993674 530.0
1899.9999999993674 550.0
1899.9999999993674 570.0
1899.9999999993674 590.0
1899.9999999993674 610.0
700.0000000013597 1700.0
700.0000000013597 1720.0
1899.9999999993674 1750.0
690.0000000013574 300.0
1909.9999999993584 310.0
1909.9999999993584 330.0
1909.9999999993584 350.0
1909.9999999993584 550.0
1909.9999999993584 570.0
1909.9999999993584 590.0
1909.9999999993584 610.0
1909.9999999993584 630.0
1909.9999999993584 650.0
690.0000000013574 1700.0
690.0000000013574 1720.0
690.0000000013574 1740.0
1909.9999999993584 1750.0
690.0000000013574 1760.0
690.0000000013574 1780.0
1909.9999999993584 1790.0
680.0000000013551 300.0
1919.9999999993493 310.0
680.0000000013551 320.0
1919.9999999993493 330.0
680.0000000013551 340.0
1919.9999999993493 350.0
1919.9999999993493 570.0
1919.9999999993493 590.0
1919.9999999993493 610.0
1919.9999999993493 630.0
1919.9999999993493 650.0
1919.9999999993493 670.0
680.0000000013551 1680.0
680.0000000013551 1700.0
680.0000000013551 1720.0
680.0000000013551 1740.0
1919.9999999993493 1750.0
680.0000000013551 1760.0
680.0000000013551 1780.0
1919.9999999993493 1790.0
670.0000000013529 300.0
1929.9999999993402 310.0
670.0000000013529 320.0
670.0000000013529 340.0
1929.9999999993402 350.0
1929.9999999993402 610.0
1929.9999999993402 630.0
1929.9999999993402 650.0
1929.9999999993402 670.0
670.0000000013529 1680.0
670.0000000013529 1700.0
670.0000000013529 1720.0
670.0000000013529 1740.0
1929.9999999993402 1750.0
670.0000000013529 1760.0
670.0000000013529 1780.0
1929.9999999993402 1790.0
660.0000000013506 20.0
1939.999999999331 270.0
1939.999999999331 290.0
660.0000000013506 300.0
1939.999999999331 310.0
660.0000000013506 320.0
660.0000000013506 340.0
1939.999999999331 350.0
1939.999999999331 370.0
1939.999999999331 630.0
1939.999999999331 650.0
1939.999999999331 670.0
660.0000000013506 1680.0
660.0000000013506 1700.0
660.0000000013506 1720.0
1939.999999999331 1750.0
660.0000000013506 1760.0
660.0000000013506 1780.0
1939.999999999331 1790.0
650.0000000013483 0.0
1949.999999999322 270.0
650.0000000013483 280.0
1949.999999999322 290.0
650.0000000013483 300.0
1949.999999999322 310.0
650.0000000013483 320.0
650.0000000013483 340.0
1949.999999999322 350.0
650.0000000013483 360.0
1949.999999999322 370.0
1949.999999999322 650.0
1949.999999999322 670.0
650.0000000013483 1680.0
650.0000000013483 1700.0
650.0000000013483 1720.0
1949.999999999322 1730.0
1949.999999999322 1750.0
650.0000000013483 1760.0
650.0000000013483 1780.0
1949.999999999322 1790.0
650.0000000013483 1800.0
1949.999999999322 1810.0
640.000000001346 240.0
640.000000001346 260.0
1959.9999999993129 270.0
640.000000001346 280.0
1959.9999999993129 290.0
640.000000001346 300.0
1959.9999999993129 310.0
640.000000001346 320.0
1959.9999999993129 330.0
640.000000001346 340.0
640.000000001346 360.0
1959.9999999993129 370.0
640.000000001346 1660.0
640.000000001346 1680.0
640.000000001346 1700.0
1959.9999999993129 1710.0
640.000000001346 1720.0
1959.9999999993129 1730.0
1959.9999999993129 1750.0
640.000000001346 1780.0
1959.9999999993129 1790.0
640.000000001346 1800.0
1959.9999999993129 1810.0
630.0000000013438 240.0
630.0000000013438 260.0
630.0000000013438 280.0
630.0000000013438 300.0
1969.9999999993038 310.0
1969.9999999993038 330.0
1969.9999999993038 350.0
630.0000000013438 360.0
1969.9999999993038 370.0
630.0000000013438 1660.0
630.0000000013438 1700.0
1969.9999999993038 1710.0
630.0000000013438 1720.0
1969.9999999993038 1730.0
1969.9999999993038 1750.0
630.0000000013438 1780.0
1969.9999999993038 1790.0
630.0000000013438 1800.0
1969.9999999993038 1810.0
620.0000000013415 240.0
1979.9999999992947 250.0
1979.9999999992947 270.0
620.0000000013415 300.0
1979.9999999992947 330.0
620.0000000013415 340.0
1979.9999999992947 350.0
620.0000000013415 360.0
1979.9999999992947 370.0
1979.9999999992947 390.0
620.0000000013415 1660.0
620.0000000013415 1680.0
620.0000000013415 1700.0
620.0000000013415 1720.0
1979.9999999992947 1730.0
620.0000000013415 1740.0
1979.9999999992947 1750.0
620.0000000013415 1760.0
620.0000000013415 1800.0
1979.9999999992947 1810.0
1979.9999999992947 1830.0
610.0000000013392 240.0
1989.9999999992856 250.0
610.0000000013392 260.0
610.0000000013392 300.0
1989.9999999992856 330.0
610.0000000013392 340.0
1989.9999999992856 350.0
610.0000000013392 360.0
1989.9999999992856 370.0
1989.9999999992856 390.0
610.0000000013392 1660.0
610.0000000013392 1700.0
1989.9999999992856 1710.0
1989.9999999992856 1730.0
610.0000000013392 1740.0
1989.9999999992856 1750.0
610.0000000013392 1760.0
610.0000000013392 1780.0
1989.9999999992856 1790.0
610.0000000013392 1800.0
1989.9999999992856 1810.0
1989.9999999992856 1830.0
600.000000001337 220.0
1999.9999999992765 250.0
1999.9999999992765 270.0
600.000000001337 280.0
1999.9999999992765 290.0
600.000000001337 300.0
600.000000001337 320.0
1999.9999999992765 330.0
600.000000001337 340.0
1999.9999999992765 350.0
600.000000001337 360.0
1999.9999999992765 370.0
600.000000001337 380.0
1999.9999999992765 390.0
600.000000001337 1660.0
600.000000001337 1680.0
1999.9999999992765 1690.0
600.000000001337 1700.0
1999.9999999992765 1710.0
1999.9999999992765 1730.0
600.000000001337 1740.0
1999.9999999992765 1750.0
1999.9999999992765 1770.0
600.000000001337 1780.0
1999.9999999992765 1790.0
600.000000001337 1800.0
1999.9999999992765 1810.0
600.000000001337 1820.0
1999.9999999992765 1830.0
590.0000000013347 220.0
2009.9999999992674 250.0
590.0000000013347 260.0
2009.9999999992674 270.0
590.0000000013347 280.0
2009.9999999992674 290.0
590.0000000013347 300.0
590.0000000013347 320.0
2009.9999999992674 330.0
590.0000000013347 340.0
2009.9999999992674 350.0
590.0000000013347 360.0
2009.9999999992674 370.0
2009.9999999992674 390.0
590.0000000013347 1640.0
590.0000000013347 1660.0
590.0000000013347 1680.0
2009.9999999992674 1690.0
590.0000000013347 1700.0
2009.9999999992674 1710.0
590.0000000013347 1720.0
2009.9999999992674 1730.0
590.0000000013347 1740.0
2009.9999999992674 1750.0
590.0000000013347 1760.0
2009.9999999992674 1770.0
590.0000000013347 1780.0
2009.9999999992674 1790.0
590.0000000013347 1800.0
2009.9999999992674 1810.0
590.0000000013347 1820.0
2009.9999999992674 1830.0
580.0000000013324 220.0
580.0000000013324 240.0
2019.9999999992583 250.0
580.0000000013324 260.0
580.0000000013324 280.0
580.0000000013324 300.0
2019.9999999992583 310.0
580.0000000013324 320.0
2019.9999999992583 330.0
580.0000000013324 340.0
2019.9999999992583 350.0
580.0000000013324 360.0
2019.9999999992583 370.0
580.0000000013324 380.0
2019.9999999992583 390.0
580.0000000013324 1640.0
580.0000000013324 1660.0
580.0000000013324 1700.0
2019.9999999992583 1710.0
580.0000000013324 1720.0
2019.9999999992583 1730.0
580.0000000013324 1740.0
2019.9999999992583 1750.0
580.0000000013324 1760.0
2019.9999999992583 1770.0
580.0000000013324 1780.0
2019.9999999992583 1790.0
580.0000000013324 1800.0
2019.9999999992583 1810.0
2019.9999999992583 1830.0
570.0000000013301 240.0
570.0000000013301 260.0
2029.9999999992492 270.0
570.0000000013301 280.0
2029.9999999992492 290.0
570.0000000013301 300.0
2029.9999999992492 310.0
570.0000000013301 320.0
2029.9999999992492 330.0
570.0000000013301 340.0
2029.9999999992492 350.0
570.0000000013301 360.0
2029.9999999992492 370.0
570.0000000013301 380.0
2029.9999999992492 390.0
570.0000000013301 1640.0
570.0000000013301 1660.0
570.0000000013301 1680.0
2029.9999999992492 1690.0
570.0000000013301 1700.0
2029.9999999992492 1710.0
2029.9999999992492 1770.0
570.0000000013301 1780.0
2029.9999999992492 1790.0
570.0000000013301 1800.0
2029.9999999992492 1810.0
570.0000000013301 1820.0
2029.9999999992492 1830.0
2029.9999999992492 1850.0
560.0000000013279 220.0
2039.9999999992401 230.0
560.0000000013279 240.0
2039.9999999992401 270.0
560.0000000013279 280.0
2039.9999999992401 290.0
2039.9999999992401 310.0
2039.9999999992401 330.0
560.0000000013279 340.0
2039.9999999992401 350.0
560.0000000013279 360.0
2039.9999999992401 370.0
560.0000000013279 380.0
2039.9999999992401 390.0
2039.9999999992401 410.0
560.0000000013279 1640.0
560.0000000013279 1660.0
560.0000000013279 1680.0
2039.9999999992401 1690.0
560.0000000013279 1700.0
2039.9999999992401 1710.0
560.0000000013279 1760.0
2039.9999999992401 1770.0
560.0000000013279 1780.0
2039.9999999992401 1790.0
2039.9999999992401 1810.0
560.0000000013279 1820.0
2039.9999999992401 1830.0
2039.9999999992401 1850.0
550.0000000013256 220.0
2049.999999999231 230.0
550.0000000013256 240.0
550.0000000013256 260.0
550.0000000013256 280.0
2049.999999999231 310.0
550.0000000013256 320.0
2049.999999999231 330.0
550.0000000013256 340.0
2049.999999999231 350.0
550.0000000013256 360.0
2049.999999999231 370.0
550.0000000013256 380.0
2049.999999999231 390.0
2049.999999999231 410.0
550.0000000013256 1660.0
550.0000000013256 1680.0
2049.999999999231 1690.0
550.0000000013256 1700.0
2049.999999999231 1730.0
2049.999999999231 1750.0
550.0000000013256 1760.0
2049.999999999231 1770.0
550.0000000013256 1780.0
2049.999999999231 1790.0
2049.999999999231 1810.0
550.0000000013256 1820.0
2049.999999999231 1830.0
2049.999999999231 1850.0
2059.999999999222 230.0
540.0000000013233 240.0
540.0000000013233 260.0
540.0000000013233 320.0
540.0000000013233 340.0
540.0000000013233 360.0
2059.999999999222 370.0
540.0000000013233 380.0
2059.999999999222 390.0
540.0000000013233 400.0
540.0000000013233 1640.0
540.0000000013233 1660.0
2059.999999999222 1670.0
540.0000000013233 1680.0
2059.999999999222 1690.0
540.0000000013233 1700.0
2059.999999999222 1710.0
2059.999999999222 1730.0
2059.999999999222 1750.0
2059.999999999222 1770.0
540.0000000013233 1780.0
2059.999999999222 1790.0
540.0000000013233 1800.0
2059.999999999222 1810.0
540.0000000013233 1820.0
2059.999999999222 1830.0
2059.999999999222 1850.0
530.000000001321 220.0
530.000000001321 240.0
2069.999999999213 250.0
530.000000001321 260.0
2069.999999999213 290.0
530.000000001321 320.0
530.000000001321 340.0
2069.999999999213 350.0
2069.999999999213 370.0
530.000000001321 380.0
2069.999999999213 390.0
2069.999999999213 410.0
530.000000001321 1640.0
530.000000001321 1660.0
530.000000001321 1680.0
2069.999999999213 1690.0
2069.999999999213 1710.0
2069.999999999213 1730.0
2069.999999999213 1750.0
530.000000001321 1780.0
2069.999999999213 1790.0
2069.999999999213 1810.0
2069.999999999213 1830.0
2069.999999999213 1850.0
520.0000000013188 220.0
2079.9999999992037 230.0
520.0000000013188 240.0
520.0000000013188 260.0
520.0000000013188 340.0
520.0000000013188 360.0
2079.9999999992037 370.0
520.0000000013188 380.0
2079.9999999992037 390.0
520.0000000013188 400.0
2079.9999999992037 410.0
520.0000000013188 1660.0
520.0000000013188 1680.0
2079.9999999992037 1710.0
520.0000000013188 1780.0
2079.9999999992037 1790.0
520.0000000013188 1800.0
2079.9999999992037 1810.0
2079.9999999992037 1830.0
2079.9999999992037 1850.0
2089.9999999991946 230.0
510.0000000013165 240.0
510.0000000013165 340.0
2089.9999999991946 370.0
510.0000000013165 400.0
2089.9999999991946 410.0
510.0000000013165 1640.0
510.0000000013165 1680.0
2089.9999999991946 1690.0
2089.9999999991946 1710.0
2089.9999999991946 1730.0
510.0000000013165 1780.0
2089.9999999991946 1790.0
510.0000000013165 1800.0
2089.9999999991946 1810.0
510.0000000013165 1820.0
2089.9999999991946 1830.0
2089.9999999991946 1850.0
500.0000000013142 220.0
2099.9999999991855 230.0
500.0000000013142 240.0
500.0000000013142 260.0
500.0000000013142 360.0
2099.9999999991855 370.0
2099.9999999991855 390.0
500.0000000013142 400.0
2099.9999999991855 410.0
500.0000000013142 1620.0
500.0000000013142 1660.0
500.0000000013142 1680.0
2099.9999999991855 1710.0
2099.9999999991855 1730.0
500.0000000013142 1780.0
2099.9999999991855 1810.0
2099.9999999991855 1830.0
2099.9999999991855 1850.0
490.00000000131195 200.0
2109.9999999991765 210.0
2109.9999999991765 230.0
490.00000000131195 240.0
2109.9999999991765 370.0
490.00000000131195 380.0
2109.9999999991765 390.0
490.00000000131195 400.0
2109.9999999991765 410.0
490.00000000131195 1620.0
490.00000000131195 1640.0
490.00000000131195 1680.0
2109.9999999991765 1710.0
2109.9999999991765 1730.0
490.00000000131195 1800.0
2109.9999999991765 1810.0
2109.9999999991765 1830.0
490.00000000131195 1840.0
2109.9999999991765 1850.0
480.0000000013097 200.0
2119.9999999991674 210.0
2119.9999999991674 230.0
480.0000000013097 240.0
2119.9999999991674 250.0
2119.9999999991674 370.0
480.0000000013097 380.0
2119.9999999991674 390.0
480.0000000013097 400.0
2119.9999999991674 410.0
2119.9999999991674 430.0
480.0000000013097 1620.0
480.0000000013097 1640.0
480.0000000013097 1660.0
480.0000000013097 1680.0
480.0000000013097 1800.0
2119.9999999991674 1810.0
2119.9999999991674 1830.0
2119.9999999991674 1850.0
2119.9999999991674 1870.0
470.0000000013074 200.0
2129.9999999991583 210.0
2129.9999999991583 230.0
2129.9999999991583 250.0
470.0000000013074 360.0
2129.9999999991583 370.0
470.0000000013074 380.0
470.0000000013074 1640.0
470.0000000013074 1660.0
2129.9999999991583 1810.0
470.0000000013074 1820.0
2129.9999999991583 1830.0
2129.9999999991583 1870.0
460.0000000013051 240.0
2139.999999999149 250.0
460.0000000013051 360.0
460.0000000013051 380.0
460.0000000013051 400.0
2139.999999999149 410.0
460.0000000013051 420.0
2139.999999999149 430.0
460.0000000013051 1620.0
460.0000000013051 1800.0
2139.999999999149 1830.0
2139.999999999149 1870.0
2149.99999999914 190.0
2149.99999999914 210.0
450.00000000130285 220.0
2149.99999999914 230.0
2149.99999999914 250.0
450.00000000130285 360.0
450.00000000130285 400.0
2149.99999999914 410.0
2149.99999999914 430.0
2149.99999999914 450.0
450.00000000130285 1580.0
450.00000000130285 1600.0
450.00000000130285 1640.0
450.00000000130285 1660.0
450.00000000130285 1800.0
2149.99999999914 1830.0
450.00000000130285 1860.0
450.00000000130285 1880.0
2149.99999999914 1890.0
440.0000000013006 160.0
2159.999999999131 190.0
440.0000000013006 200.0
2159.999999999131 210.0
440.0000000013006 220.0
2159.999999999131 250.0
440.0000000013006 360.0
2159.999999999131 390.0
440.0000000013006 400.0
2159.999999999131 410.0
2159.999999999131 430.0
2159.999999999131 450.0
440.0000000013006 1580.0
440.0000000013006 1600.0
440.0000000013006 1620.0
2159.999999999131 1830.0
440.0000000013006 1860.0
2159.999999999131 1870.0
440.0000000013006 1880.0
2159.999999999131 1890.0
440.0000000013006 1900.0
2169.999999999122 170.0
430.0000000012983 180.0
2169.999999999122 190.0
2169.999999999122 210.0
2169.999999999122 230.0
430.0000000012983 240.0
2169.999999999122 250.0
430.0000000012983 360.0
430.0000000012983 380.0
430.0000000012983 400.0
2169.999999999122 410.0
430.0000000012983 440.0
2169.999999999122 470.0
430.0000000012983 1560.0
430.0000000012983 1580.0
430.0000000012983 1600.0
430.0000000012983 1620.0
430.0000000012983 1660.0
2169.999999999122 1710.0
430.0000000012983 1840.0
430.0000000012983 1860.0
2169.999999999122 1870.0
2169.999999999122 1890.0
430.0000000012983 1900.0
420.00000000129603 140.0
420.00000000129603 180.0
2179.999999999113 190.0
420.00000000129603 200.0
2179.999999999113 210.0
2179.999999999113 230.0
2179.999999999113 390.0
420.00000000129603 400.0
2179.999999999113 430.0
2179.999999999113 450.0
420.00000000129603 460.0
2179.999999999113 470.0
420.00000000129603 1560.0
420.00000000129603 1580.0
420.00000000129603 1600.0
420.00000000129603 1620.0
2179.999999999113 1630.0
2179.999999999113 1690.0
420.00000000129603 1820.0
2179.999999999113 1850.0
420.00000000129603 1860.0
410.00000000129376 140.0
2189.9999999991037 150.0
410.00000000129376 160.0
2189.9999999991037 170.0
410.00000000129376 180.0
410.00000000129376 200.0
2189.9999999991037 210.0
2189.9999999991037 230.0
2189.9999999991037 250.0
410.00000000129376 380.0
2189.9999999991037 390.0
2189.9999999991037 450.0
2189.9999999991037 470.0
2189.9999999991037 490.0
410.00000000129376 1580.0
2189.9999999991037 1610.0
410.00000000129376 1620.0
2189.9999999991037 1630.0
410.00000000129376 1640.0
2189.9999999991037 1650.0
2189.9999999991037 1670.0
410.00000000129376 1840.0
410.00000000129376 1860.0
410.00000000129376 1880.0
410.00000000129376 1900.0
2189.9999999991037 1910.0
400.0000000012915 120.0
400.0000000012915 140.0
2199.9999999990946 150.0
400.0000000012915 160.0
2199.9999999990946 170.0
2199.9999999990946 190.0
2199.9999999990946 210.0
400.0000000012915 220.0
400.0000000012915 380.0
2199.9999999990946 430.0
400.0000000012915 440.0
2199.9999999990946 450.0
2199.9999999990946 470.0
400.0000000012915 480.0
2199.9999999990946 490.0
400.0000000012915 1540.0
400.0000000012915 1560.0
2199.9999999990946 1630.0
2199.9999999990946 1650.0
2199.9999999990946 1690.0
400.0000000012915 1840.0
2199.9999999990946 1850.0
400.0000000012915 1860.0
2199.9999999990946 1870.0
400.0000000012915 1880.0
400.0000000012915 1900.0
400.0000000012915 1920.0
390.0000000012892 120.0
2209.9999999990855 130.0
390.0000000012892 140.0
2209.9999999990855 150.0
2209.9999999990855 170.0
390.0000000012892 400.0
2209.9999999990855 410.0
2209.9999999990855 430.0
2209.9999999990855 450.0
2209.9999999990855 470.0
390.0000000012892 480.0
2209.9999999990855 490.0
2209.9999999990855 510.0
390.0000000012892 660.0
390.0000000012892 1540.0
390.0000000012892 1580.0
2209.9999999990855 1590.0
390.0000000012892 1600.0
390.0000000012892 1620.0
2209.9999999990855 1650.0
2209.9999999990855 1670.0
2209.9999999990855 1690.0
390.0000000012892 1840.0
2209.9999999990855 1890.0
390.0000000012892 1900.0
390.0000000012892 1920.0
380.00000000128694 120.0
2219.9999999990764 130.0
380.00000000128694 140.0
2219.9999999990764 150.0
2219.9999999990764 190.0
380.00000000128694 400.0
380.00000000128694 420.0
380.00000000128694 440.0
2219.9999999990764 450.0
2219.9999999990764 470.0
380.00000000128694 480.0
2219.9999999990764 490.0
2219.9999999990764 510.0
380.00000000128694 1540.0
380.00000000128694 1560.0
2219.9999999990764 1590.0
2219.9999999990764 1610.0
380.00000000128694 1620.0
2219.9999999990764 1630.0
2219.9999999990764 1650.0
2219.9999999990764 1670.0
380.00000000128694 1860.0
2219.9999999990764 1870.0
380.00000000128694 1880.0
380.00000000128694 1900.0
2219.9999999990764 1910.0
380.00000000128694 1920.0
380.00000000128694 1940.0
370.00000000128466 100.0
370.00000000128466 120.0
2229.9999999990673 130.0
370.00000000128466 140.0
370.00000000128466 160.0
2229.9999999990673 170.0
2229.9999999990673 190.0
2229.9999999990673 210.0
370.00000000128466 440.0
2229.9999999990673 450.0
370.00000000128466 460.0
2229.9999999990673 470.0
370.00000000128466 480.0
2229.9999999990673 490.0
370.00000000128466 500.0
2229.9999999990673 510.0
370.00000000128466 1540.0
370.00000000128466 1600.0
370.00000000128466 1620.0
2229.9999999990673 1650.0
370.00000000128466 1860.0
2229.9999999990673 1870.0
370.00000000128466 1880.0
370.00000000128466 1900.0
2229.9999999990673 1910.0
370.00000000128466 1920.0
370.00000000128466 1940.0
360.0000000012824 100.0
360.0000000012824 120.0
360.0000000012824 140.0
360.0000000012824 160.0
2239.999999999058 170.0
360.0000000012824 180.0
2239.999999999058 190.0
360.0000000012824 420.0
2239.999999999058 430.0
360.0000000012824 440.0
2239.999999999058 450.0
360.0000000012824 460.0
2239.999999999058 490.0
2239.999999999058 510.0
360.0000000012824 1540.0
360.0000000012824 1560.0
2239.999999999058 1570.0
360.0000000012824 1580.0
2239.999999999058 1590.0
360.0000000012824 1600.0
2239.999999999058 1610.0
360.0000000012824 1620.0
2239.999999999058 1630.0
360.0000000012824 1840.0
360.0000000012824 1860.0
2239.999999999058 1870.0
360.0000000012824 1880.0
2239.999999999058 1890.0
360.0000000012824 1920.0
350.0000000012801 100.0
350.0000000012801 120.0
350.0000000012801 140.0
350.0000000012801 160.0
350.0000000012801 460.0
350.0000000012801 480.0
350.0000000012801 500.0
350.0000000012801 1540.0
350.0000000012801 1560.0
2249.999999999049 1570.0
350.0000000012801 1580.0
350.0000000012801 1600.0
2249.999999999049 1610.0
350.0000000012801 1620.0
2249.999999999049 1630.0
2249.999999999049 1650.0
350.0000000012801 1860.0
2249.999999999049 1870.0
350.0000000012801 1880.0
2249.999999999049 1910.0
350.0000000012801 1920.0
2259.99999999904 130.0
2259.99999999904 150.0
2259.99999999904 170.0
340.00000000127784 180.0
2259.99999999904 190.0
2259.99999999904 210.0
340.00000000127784 420.0
2259.99999999904 430.0
340.00000000127784 440.0
2259.99999999904 450.0
340.00000000127784 460.0
340.00000000127784 480.0
2259.99999999904 490.0
2259.99999999904 510.0
340.00000000127784 1540.0
2259.99999999904 1570.0
340.00000000127784 1580.0
340.00000000127784 1600.0
340.00000000127784 1620.0
340.00000000127784 1640.0
340.00000000127784 1860.0
2259.99999999904 1890.0
340.00000000127784 1900.0
340.00000000127784 1920.0
2269.999999999031 130.0
2269.999999999031 150.0
2269.999999999031 170.0
2269.999999999031 190.0
2269.999999999031 210.0
2269.999999999031 450.0
2269.999999999031 490.0
330.00000000127557 1560.0
2269.999999999031 1570.0
2269.999999999031 1590.0
330.00000000127557 1600.0
2269.999999999031 1610.0
330.00000000127557 1620.0
330.00000000127557 1640.0
330.00000000127557 1840.0
330.00000000127557 1860.0
330.00000000127557 1900.0
330.00000000127557 1920.0
320.0000000012733 120.0
2279.999999999022 130.0
320.0000000012733 140.0
2279.999999999022 150.0
2279.999999999022 170.0
2279.999999999022 190.0
2279.999999999022 210.0
2279.999999999022 450.0
2279.999999999022 470.0
2279.999999999022 490.0
2279.999999999022 510.0
320.0000000012733 1560.0
2279.999999999022 1570.0
2279.999999999022 1590.0
320.0000000012733 1600.0
2279.999999999022 1610.0
2279.999999999022 1630.0
320.0000000012733 1820.0
2279.999999999022 1890.0
310.000000001271 120.0
2289.9999999990127 130.0
2289.9999999990127 150.0
310.000000001271 160.0
2289.9999999990127 170.0
310.000000001271 180.0
2289.9999999990127 190.0
310.000000001271 200.0
2289.9999999990127 210.0
2289.9999999990127 430.0
2289.9999999990127 450.0
2289.9999999990127 490.0
2289.9999999990127 510.0
2289.9999999990127 1570.0
310.000000001271 1580.0
2289.9999999990127 1590.0
2289.9999999990127 1610.0
2289.9999999990127 1630.0
2289.9999999990127 1650.0
310.000000001271 1660.0
310.000000001271 1820.0
310.000000001271 1840.0
300.00000000126875 140.0
2299.9999999990036 150.0
2299.9999999990036 170.0
300.00000000126875 180.0
2299.9999999990036 190.0
300.00000000126875 200.0
2299.9999999990036 230.0
2299.9999999990036 470.0
2299.9999999990036 490.0
300.00000000126875 1580.0
2299.9999999990036 1590.0
300.00000000126875 1600.0
2299.9999999990036 1610.0
300.00000000126875 1640.0
2299.9999999990036 1650.0
2299.9999999990036 1670.0
300.00000000126875 1820.0
300.00000000126875 1840.0
2309.9999999989946 150.0
290.00000000126647 160.0
2309.9999999989946 170.0
290.00000000126647 180.0
290.00000000126647 200.0
2309.9999999989946 210.0
2309.9999999989946 230.0
2309.9999999989946 250.0
2309.9999999989946 410.0
2309.9999999989946 470.0
2309.9999999989946 490.0
2309.9999999989946 1590.0
2309.9999999989946 1610.0
290.00000000126647 1620.0
2309.9999999989946 1630.0
290.00000000126647 1640.0
2309.9999999989946 1650.0
280.0000000012642 160.0
2319.9999999989855 170.0
280.0000000012642 180.0
2319.9999999989855 190.0
2319.9999999989855 210.0
280.0000000012642 220.0
2319.9999999989855 250.0
2319.9999999989855 390.0
2319.9999999989855 410.0
2319.9999999989855 430.0
2319.9999999989855 470.0
2319.9999999989855 1590.0
280.0000000012642 1600.0
2319.9999999989855 1610.0
2319.9999999989855 1650.0
280.0000000012642 1660.0
2319.9999999989855 1670.0
2329.9999999989764 170.0
270.0000000012619 180.0
270.0000000012619 220.0
270.0000000012619 240.0
2329.9999999989764 390.0
2329.9999999989764 410.0
2329.9999999989764 430.0
2329.9999999989764 450.0
270.0000000012619 660.0
2329.9999999989764 1610.0
270.0000000012619 1620.0
2329.9999999989764 1630.0
270.0000000012619 1640.0
2329.9999999989764 1650.0
270.0000000012619 1680.0
2329.9999999989764 1690.0
270.0000000012619 1800.0
2329.9999999989764 1850.0
270.0000000012619 1860.0
2339.9999999989673 190.0
2339.9999999989673 210.0
2339.9999999989673 230.0
260.00000000125965 240.0
2339.9999999989673 410.0
2339.9999999989673 430.0
2339.9999999989673 450.0
2339.9999999989673 1610.0
2339.9999999989673 1630.0
2339.9999999989673 1650.0
2339.9999999989673 1670.0
260.00000000125965 1680.0
260.00000000125965 1820.0
2339.9999999989673 1830.0
260.00000000125965 1840.0
2339.9999999989673 1850.0
2339.9999999989673 1870.0
250.00000000125908 180.0
2349.999999998958 190.0
250.00000000125908 200.0
250.00000000125908 220.0
2349.999999998958 410.0
2349.999999998958 430.0
2349.999999998958 450.0
2349.999999998958 1630.0
250.00000000125908 1640.0
2349.999999998958 1650.0
250.00000000125908 1660.0
2349.999999998958 1670.0
250.00000000125908 1800.0
250.00000000125908 1820.0
2349.999999998958 1830.0
2349.999999998958 1870.0
2349.999999998958 1910.0
240.00000000125965 200.0
2359.999999998949 210.0
240.00000000125965 220.0
2359.999999998949 230.0
2359.999999998949 390.0
2359.999999998949 410.0
2359.999999998949 430.0
2359.999999998949 1630.0
240.00000000125965 1640.0
2359.999999998949 1650.0
240.00000000125965 1660.0
240.00000000125965 1680.0
2359.999999998949 1690.0
240.00000000125965 1800.0
240.00000000125965 1840.0
2359.999999998949 1890.0
230.00000000126022 180.0
230.00000000126022 200.0
230.00000000126022 220.0
2369.99999999894 230.0
230.00000000126022 240.0
2369.99999999894 270.0
2369.99999999894 370.0
2369.99999999894 430.0
2369.99999999894 1650.0
230.00000000126022 1660.0
2369.99999999894 1670.0
230.00000000126022 1680.0
2369.99999999894 1690.0
2369.99999999894 1710.0
230.00000000126022 1800.0
230.00000000126022 1820.0
230.00000000126022 1840.0
220.0000000012608 200.0
2379.999999998931 210.0
220.0000000012608 220.0
2379.999999998931 230.0
220.0000000012608 240.0
2379.999999998931 250.0
2379.999999998931 370.0
2379.999999998931 390.0
2379.999999998931 430.0
220.0000000012608 1640.0
220.0000000012608 1660.0
2379.999999998931 1670.0
220.0000000012608 1680.0
2379.999999998931 1690.0
220.0000000012608 1780.0
210.00000000126136 200.0
2389.999999998922 210.0
210.00000000126136 220.0
2389.999999998922 250.0
210.00000000126136 260.0
2389.999999998922 270.0
2389.999999998922 370.0
2389.999999998922 390.0
2389.999999998922 410.0
210.00000000126136 1640.0
2389.999999998922 1650.0
2389.999999998922 1670.0
210.00000000126136 1680.0
2389.999999998922 1690.0
210.00000000126136 1700.0
2389.999999998922 1710.0
210.00000000126136 1780.0
210.00000000126136 1820.0
2389.999999998922 1830.0
2389.999999998922 1870.0
200.00000000126192 200.0
200.00000000126192 220.0
2399.9999999989127 230.0
200.00000000126192 240.0
2399.9999999989127 370.0
2399.9999999989127 390.0
2399.9999999989127 410.0
200.00000000126192 1640.0
2399.9999999989127 1650.0
200.00000000126192 1660.0
2399.9999999989127 1670.0
2399.9999999989127 1690.0
200.00000000126192 1700.0
2399.9999999989127 1710.0
200.00000000126192 1760.0
200.00000000126192 1780.0
2399.9999999989127 1810.0
200.00000000126192 1820.0
2399.9999999989127 1830.0
190.0000000012625 220.0
2409.9999999989036 230.0
190.0000000012625 260.0
2409.9999999989036 270.0
2409.9999999989036 410.0
190.0000000012625 1640.0
190.0000000012625 1660.0
2409.9999999989036 1670.0
190.0000000012625 1680.0
2409.9999999989036 1690.0
190.0000000012625 1700.0
2409.9999999989036 1710.0
190.0000000012625 1760.0
190.0000000012625 1780.0
2409.9999999989036 1810.0
190.0000000012625 1820.0
2409.9999999989036 1830.0
2409.9999999989036 1870.0
180.00000000126306 220.0
180.00000000126306 240.0
2419.9999999988945 250.0
180.00000000126306 260.0
2419.9999999988945 290.0
2419.9999999988945 350.0
2419.9999999988945 390.0
2419.9999999988945 410.0
180.00000000126306 1640.0
180.00000000126306 1660.0
2419.9999999988945 1670.0
2419.9999999988945 1690.0
2419.9999999988945 1710.0
180.00000000126306 1760.0
180.00000000126306 1780.0
180.00000000126306 1800.0
2419.9999999988945 1810.0
2419.9999999988945 1850.0
2429.9999999988854 230.0
170.00000000126363 240.0
2429.9999999988854 250.0
170.00000000126363 260.0
2429.9999999988854 270.0
2429.9999999988854 290.0
2429.9999999988854 350.0
2429.9999999988854 370.0
2429.9999999988854 390.0
2429.9999999988854 410.0
170.00000000126363 1640.0
170.00000000126363 1660.0
2429.9999999988854 1670.0
170.00000000126363 1680.0
2429.9999999988854 1690.0
2429.9999999988854 1710.0
170.00000000126363 1720.0
2429.9999999988854 1730.0
170.00000000126363 1740.0
170.00000000126363 1760.0
170.00000000126363 1780.0
170.00000000126363 1800.0
2429.9999999988854 1810.0
2429.9999999988854 1850.0
160.0000000012642 220.0
2439.9999999988763 230.0
2439.9999999988763 250.0
2439.9999999988763 290.0
2439.9999999988763 370.0
2439.9999999988763 390.0
2439.9999999988763 410.0
160.0000000012642 1640.0
2439.9999999988763 1670.0
160.0000000012642 1680.0
2439.9999999988763 1690.0
160.0000000012642 1700.0
2439.9999999988763 1710.0
160.0000000012642 1720.0
2439.9999999988763 1730.0
160.0000000012642 1740.0
160.0000000012642 1760.0
160.0000000012642 1780.0
160.0000000012642 1800.0
160.0000000012642 1820.0
2439.9999999988763 1830.0
2439.9999999988763 1850.0
150.00000000126477 220.0
2449.999999998867 230.0
2449.999999998867 250.0
2449.999999998867 270.0
2449.999999998867 290.0
2449.999999998867 310.0
2449.999999998867 330.0
2449.999999998867 370.0
2449.999999998867 410.0
150.00000000126477 1660.0
2449.999999998867 1670.0
150.00000000126477 1680.0
2449.999999998867 1710.0
150.00000000126477 1720.0
2449.999999998867 1730.0
150.00000000126477 1740.0
150.00000000126477 1760.0
150.00000000126477 1780.0
150.00000000126477 1800.0
2449.999999998867 1810.0
150.00000000126477 1820.0
140.00000000126533 220.0
2459.999999998858 230.0
2459.999999998858 250.0
2459.999999998858 270.0
2459.999999998858 290.0
2459.999999998858 310.0
2459.999999998858 330.0
2459.999999998858 350.0
2459.999999998858 370.0
2459.999999998858 390.0
2459.999999998858 410.0
140.00000000126533 1660.0
2459.999999998858 1670.0
140.00000000126533 1680.0
2459.999999998858 1690.0
2459.999999998858 1710.0
2459.999999998858 1730.0
140.00000000126533 1740.0
2459.999999998858 1750.0
140.00000000126533 1760.0
140.00000000126533 1780.0
2459.999999998858 1790.0
140.00000000126533 1800.0
2459.999999998858 1810.0
2459.999999998858 1830.0
2469.999999998849 230.0
2469.999999998849 250.0
2469.999999998849 270.0
2469.999999998849 290.0
2469.999999998849 310.0
2469.999999998849 330.0
2469.999999998849 350.0
2469.999999998849 390.0
2469.999999998849 410.0
130.0000000012659 1660.0
2469.999999998849 1670.0
130.0000000012659 1680.0
2469.999999998849 1690.0
130.0000000012659 1700.0
2469.999999998849 1710.0
2469.999999998849 1730.0
130.0000000012659 1740.0
2469.999999998849 1750.0
130.0000000012659 1760.0
130.0000000012659 1780.0
2469.999999998849 1790.0
130.0000000012659 1800.0
2469.999999998849 1810.0
2479.99999999884 250.0
2479.99999999884 270.0
2479.99999999884 290.0
2479.99999999884 330.0
2479.99999999884 390.0
120.00000000126647 1660.0
120.00000000126647 1680.0
2479.99999999884 1690.0
120.00000000126647 1700.0
2479.99999999884 1710.0
120.00000000126647 1720.0
2479.99999999884 1730.0
120.00000000126647 1740.0
2479.99999999884 1750.0
120.00000000126647 1760.0
2479.99999999884 1770.0
120.00000000126647 1800.0
2479.99999999884 1830.0
2489.999999998831 250.0
2489.999999998831 270.0
2489.999999998831 290.0
2489.999999998831 310.0
2489.999999998831 330.0
2489.999999998831 350.0
2489.999999998831 370.0
2489.999999998831 390.0
110.00000000126704 1660.0
110.00000000126704 1680.0
2489.999999998831 1690.0
110.00000000126704 1700.0
2489.999999998831 1710.0
110.00000000126704 1720.0
2489.999999998831 1730.0
110.00000000126704 1740.0
2489.999999998831 1750.0
110.00000000126704 1760.0
2489.999999998831 1770.0
110.00000000126704 1780.0
2489.999999998831 1790.0
110.00000000126704 1800.0
2489.999999998831 1810.0
2489.999999998831 1830.0
2489.999999998831 1850.0
2499.9999999988217 250.0
2499.9999999988217 270.0
2499.9999999988217 290.0
2499.9999999988217 310.0
2499.9999999988217 330.0
2499.9999999988217 350.0
2499.9999999988217 370.0
2499.9999999988217 390.0
2499.9999999988217 1690.0
100.00000000126761 1700.0
2499.9999999988217 1710.0
100.00000000126761 1720.0
2499.9999999988217 1730.0
100.00000000126761 1740.0
2499.9999999988217 1750.0
100.00000000126761 1760.0
2499.9999999988217 1770.0
100.00000000126761 1780.0
2499.9999999988217 1790.0
100.00000000126761 1800.0
2499.9999999988217 1810.0
2499.9999999988217 1830.0
2499.9999999988217 1850.0
2509.9999999988127 250.0
2509.9999999988127 270.0
2509.9999999988127 290.0
2509.9999999988127 310.0
2509.9999999988127 330.0
2509.9999999988127 350.0
2509.9999999988127 370.0
2509.9999999988127 390.0
90.00000000126818 1680.0
2509.9999999988127 1690.0
90.00000000126818 1700.0
2509.9999999988127 1710.0
90.00000000126818 1720.0
2509.9999999988127 1730.0
90.00000000126818 1740.0
90.00000000126818 1760.0
2509.9999999988127 1770.0
2509.9999999988127 1790.0
2509.9999999988127 1810.0
2509.9999999988127 1830.0
2519.9999999988036 250.0
2519.9999999988036 270.0
2519.9999999988036 290.0
2519.9999999988036 310.0
2519.9999999988036 330.0
2519.9999999988036 350.0
2519.9999999988036 370.0
2519.9999999988036 390.0
80.00000000126875 1680.0
2519.9999999988036 1690.0
80.00000000126875 1720.0
2519.9999999988036 1730.0
80.00000000126875 1740.0
2519.9999999988036 1750.0
80.00000000126875 1760.0
2519.9999999988036 1770.0
80.00000000126875 1780.0
2519.9999999988036 1790.0
2519.9999999988036 1810.0
2529.9999999987945 270.0
2529.9999999987945 290.0
2529.9999999987945 310.0
2529.9999999987945 330.0
2529.9999999987945 370.0
2529.9999999987945 1690.0
70.00000000126931 1700.0
70.00000000126931 1720.0
2529.9999999987945 1730.0
70.00000000126931 1740.0
2529.9999999987945 1750.0
70.00000000126931 1760.0
2529.9999999987945 1770.0
70.00000000126931 1780.0
2529.9999999987945 1790.0
2529.9999999987945 1810.0
2529.9999999987945 1830.0
2539.9999999987854 270.0
2539.9999999987854 290.0
2539.9999999987854 310.0
2539.9999999987854 330.0
2539.9999999987854 350.0
60.0000000012696 1700.0
2539.9999999987854 1710.0
60.0000000012696 1720.0
2539.9999999987854 1730.0
60.0000000012696 1740.0
2539.9999999987854 1750.0
60.0000000012696 1760.0
2539.9999999987854 1770.0
60.0000000012696 1780.0
2539.9999999987854 1790.0
2539.9999999987854 1830.0
2549.9999999987763 270.0
2549.9999999987763 290.0
2549.9999999987763 310.0
2549.9999999987763 330.0
2549.9999999987763 350.0
2549.9999999987763 370.0
50.000000001269456 1700.0
2549.9999999987763 1710.0
50.000000001269456 1720.0
2549.9999999987763 1730.0
50.000000001269456 1740.0
2549.9999999987763 1750.0
2549.9999999987763 1770.0
2549.9999999987763 1790.0
2549.9999999987763 1810.0
2549.9999999987763 1830.0
2559.999999998767 270.0
2559.999999998767 290.0
2559.999999998767 310.0
2559.999999998767 330.0
2559.999999998767 350.0
2559.999999998767 370.0
40.00000000126931 700.0
40.00000000126931 1700.0
2559.999999998767 1710.0
40.00000000126931 1720.0
40.00000000126931 1740.0
2559.999999998767 1750.0
40.00000000126931 1760.0
2559.999999998767 1770.0
2559.999999998767 1790.0
2559.999999998767 1810.0
2569.999999998758 290.0
2569.999999998758 330.0
2569.999999998758 350.0
2569.999999998758 1710.0
30.00000000126917 1720.0
2569.999999998758 1730.0
30.00000000126917 1740.0
2569.999999998758 1750.0
30.00000000126917 1760.0
2569.999999998758 1770.0
2569.999999998758 1790.0
2569.999999998758 1810.0
2579.999999998749 290.0
2579.999999998749 310.0
2579.999999998749 330.0
2579.999999998749 350.0
20.00000000126903 1720.0
2579.999999998749 1730.0
20.00000000126903 1740.0
20.00000000126903 1760.0
2579.999999998749 1770.0
2579.999999998749 1790.0
2589.99999999874 290.0
2589.99999999874 310.0
2589.99999999874 330.0
2589.99999999874 350.0
10.000000001268994 1720.0
2589.99999999874 1730.0
10.000000001268994 1740.0
2589.99999999874 1750.0
2589.99999999874 1770.0
2589.99999999874 1790.0
