2280.000000000291 1760.0
2270.0000000003 1760.0
340.0000000000088 310.0
2260.0000000003092 320.0
2260.0000000003092 1760.0
350.0000000000111 290.0
350.0000000000111 310.0
2250.0000000003183 320.0
360.00000000001336 290.0
360.00000000001336 310.0
2240.0000000003274 320.0
360.00000000001336 1730.0
370.00000000001563 1730.0
380.0000000000179 1730.0
380.00000000128694 1740.0
370.00000000128466 1720.0
370.00000000128466 1740.0
360.0000000012824 300.0
2239.999999999058 310.0
2239.999999999058 330.0
360.0000000012824 1740.0
350.0000000012801 300.0
2249.999999999049 310.0
2249.999999999049 330.0
340.00000000127784 300.0
2259.99999999904 310.0
2259.99999999904 330.0
2259.99999999904 1770.0
2269.999999999031 1750.0
2279.999999999022 1770.0
