2450.0000000001364 1740.0
2440.0000000001455 260.0
2440.0000000001455 300.0
2440.0000000001455 320.0
2440.0000000001455 1840.0
169.99999999999463 270.0
169.99999999999463 290.0
2430.0000000001546 300.0
169.99999999999463 310.0
2430.0000000001546 320.0
169.99999999999463 330.0
2430.0000000001546 1760.0
2430.0000000001546 1780.0
2430.0000000001546 1800.0
2430.0000000001546 1840.0
179.99999999999406 250.0
179.99999999999406 270.0
2420.0000000001637 280.0
179.99999999999406 290.0
2420.0000000001637 300.0
179.99999999999406 310.0
179.99999999999406 330.0
2420.0000000001637 340.0
179.99999999999406 350.0
2420.0000000001637 360.0
179.99999999999406 370.0
2420.0000000001637 1680.0
2420.0000000001637 1740.0
2420.0000000001637 1760.0
2420.0000000001637 1860.0
2410.000000000173 200.0
189.9999999999935 230.0
2410.000000000173 240.0
189.9999999999935 250.0
189.9999999999935 290.0
2410.000000000173 300.0
189.9999999999935 310.0
189.9999999999935 330.0
189.9999999999935 350.0
189.9999999999935 370.0
2410.000000000173 380.0
189.9999999999935 390.0
2410.000000000173 1680.0
2410.000000000173 1840.0
2400.000000000182 200.0
199.99999999999292 210.0
199.99999999999292 250.0
2400.000000000182 280.0
199.99999999999292 290.0
2400.000000000182 300.0
199.99999999999292 310.0
199.99999999999292 330.0
199.99999999999292 350.0
199.99999999999292 370.0
199.99999999999292 390.0
199.99999999999292 410.0
199.99999999999292 1690.0
2400.000000000182 1700.0
199.99999999999292 1790.0
199.99999999999292 1810.0
2400.000000000182 1840.0
2390.000000000191 220.0
209.99999999999235 250.0
2390.000000000191 260.0
209.99999999999235 290.0
2390.000000000191 300.0
209.99999999999235 310.0
2390.000000000191 320.0
209.99999999999235 330.0
209.99999999999235 350.0
209.99999999999235 370.0
2390.000000000191 380.0
209.99999999999235 390.0
209.99999999999235 410.0
2390.000000000191 1780.0
209.99999999999235 1790.0
2390.000000000191 1820.0
2390.000000000191 1840.0
2390.000000000191 1860.0
2390.000000000191 1900.0
2380.0000000002 160.0
2380.0000000002 180.0
2380.0000000002 220.0
219.9999999999918 230.0
219.9999999999918 270.0
2380.0000000002 280.0
2380.0000000002 300.0
219.9999999999918 310.0
2380.0000000002 320.0
219.9999999999918 330.0
219.9999999999918 350.0
219.9999999999918 370.0
2380.0000000002 380.0
219.9999999999918 390.0
219.9999999999918 410.0
2380.0000000002 420.0
219.9999999999918 430.0
219.9999999999918 1630.0
219.9999999999918 1670.0
219.9999999999918 1710.0
2380.0000000002 1740.0
219.9999999999918 1770.0
219.9999999999918 1790.0
2380.0000000002 1880.0
2380.0000000002 1900.0
2370.000000000209 160.0
229.99999999999122 190.0
229.99999999999122 230.0
2370.000000000209 240.0
2370.000000000209 260.0
2370.000000000209 280.0
2370.000000000209 300.0
229.99999999999122 310.0
229.99999999999122 330.0
229.99999999999122 350.0
229.99999999999122 370.0
229.99999999999122 390.0
229.99999999999122 410.0
2370.000000000209 420.0
229.99999999999122 430.0
2370.000000000209 440.0
229.99999999999122 1610.0
229.99999999999122 1630.0
2370.000000000209 1660.0
2370.000000000209 1680.0
229.99999999999122 1790.0
2370.000000000209 1900.0
2370.000000000209 1920.0
2360.0000000002183 160.0
239.99999999999065 170.0
2360.0000000002183 180.0
239.99999999999065 190.0
2360.0000000002183 200.0
2360.0000000002183 220.0
2360.0000000002183 240.0
239.99999999999065 250.0
2360.0000000002183 260.0
2360.0000000002183 280.0
239.99999999999065 310.0
239.99999999999065 350.0
239.99999999999065 370.0
2360.0000000002183 380.0
239.99999999999065 390.0
239.99999999999065 410.0
239.99999999999065 430.0
239.99999999999065 450.0
2360.0000000002183 460.0
2360.0000000002183 1700.0
239.99999999999065 1710.0
2360.0000000002183 1740.0
239.99999999999065 1750.0
239.99999999999065 1770.0
2360.0000000002183 1780.0
239.99999999999065 1790.0
239.99999999999065 1810.0
2360.0000000002183 1840.0
239.99999999999065 1850.0
2360.0000000002183 1860.0
2360.0000000002183 1880.0
2360.0000000002183 1920.0
2350.0000000002274 180.0
2350.0000000002274 200.0
2350.0000000002274 220.0
2350.0000000002274 240.0
249.99999999999008 270.0
249.99999999999008 290.0
249.99999999999008 310.0
249.99999999999008 330.0
249.99999999999008 350.0
249.99999999999008 370.0
249.99999999999008 390.0
249.99999999999008 410.0
2350.0000000002274 420.0
249.99999999999008 430.0
249.99999999999008 450.0
2350.0000000002274 1620.0
249.99999999999008 1630.0
249.99999999999008 1650.0
2350.0000000002274 1720.0
2350.0000000002274 1760.0
249.99999999999008 1770.0
249.99999999999008 1790.0
2350.0000000002274 1800.0
249.99999999999008 1810.0
2350.0000000002274 1820.0
249.99999999999008 1830.0
2350.0000000002274 1860.0
249.99999999999008 1870.0
2350.0000000002274 1900.0
259.9999999999906 150.0
259.9999999999906 190.0
2340.0000000002365 200.0
259.9999999999906 210.0
2340.0000000002365 220.0
2340.0000000002365 240.0
259.9999999999906 270.0
259.9999999999906 310.0
259.9999999999906 330.0
259.9999999999906 350.0
259.9999999999906 370.0
2340.0000000002365 380.0
259.9999999999906 390.0
259.9999999999906 410.0
259.9999999999906 430.0
259.9999999999906 450.0
2340.0000000002365 460.0
259.9999999999906 1590.0
2340.0000000002365 1640.0
259.9999999999906 1710.0
259.9999999999906 1750.0
259.9999999999906 1770.0
2340.0000000002365 1860.0
2340.0000000002365 1900.0
2340.0000000002365 1920.0
2340.0000000002365 1940.0
2330.0000000002456 180.0
269.9999999999929 190.0
2330.0000000002456 220.0
2330.0000000002456 240.0
269.9999999999929 250.0
2330.0000000002456 260.0
269.9999999999929 310.0
269.9999999999929 330.0
269.9999999999929 350.0
269.9999999999929 370.0
269.9999999999929 390.0
2330.0000000002456 400.0
269.9999999999929 410.0
269.9999999999929 430.0
269.9999999999929 450.0
269.9999999999929 470.0
269.9999999999929 1670.0
269.9999999999929 1690.0
2330.0000000002456 1700.0
269.9999999999929 1710.0
269.9999999999929 1750.0
269.9999999999929 1770.0
2330.0000000002456 1820.0
269.9999999999929 1850.0
269.9999999999929 1870.0
2330.0000000002456 1880.0
2330.0000000002456 1900.0
2330.0000000002456 1920.0
2330.0000000002456 1940.0
279.99999999999517 150.0
279.99999999999517 170.0
279.99999999999517 190.0
279.99999999999517 210.0
2320.0000000002547 220.0
279.99999999999517 230.0
279.99999999999517 270.0
279.99999999999517 290.0
279.99999999999517 330.0
279.99999999999517 350.0
279.99999999999517 370.0
279.99999999999517 390.0
279.99999999999517 410.0
2320.0000000002547 420.0
279.99999999999517 430.0
279.99999999999517 450.0
2320.0000000002547 460.0
279.99999999999517 470.0
2320.0000000002547 480.0
279.99999999999517 1590.0
279.99999999999517 1610.0
279.99999999999517 1670.0
2320.0000000002547 1680.0
279.99999999999517 1690.0
279.99999999999517 1710.0
279.99999999999517 1730.0
279.99999999999517 1750.0
2320.0000000002547 1760.0
279.99999999999517 1770.0
279.99999999999517 1810.0
279.99999999999517 1830.0
2320.0000000002547 1860.0
2320.0000000002547 1880.0
2320.0000000002547 1900.0
2320.0000000002547 1920.0
2320.0000000002547 1940.0
289.99999999999744 150.0
289.99999999999744 170.0
289.99999999999744 190.0
2310.0000000002638 200.0
289.99999999999744 230.0
289.99999999999744 350.0
2310.0000000002638 360.0
289.99999999999744 370.0
2310.0000000002638 380.0
289.99999999999744 390.0
289.99999999999744 410.0
289.99999999999744 430.0
289.99999999999744 450.0
2310.0000000002638 460.0
289.99999999999744 470.0
2310.0000000002638 1580.0
2310.0000000002638 1620.0
289.99999999999744 1650.0
289.99999999999744 1670.0
289.99999999999744 1710.0
289.99999999999744 1730.0
289.99999999999744 1750.0
2310.0000000002638 1760.0
289.99999999999744 1770.0
289.99999999999744 1790.0
289.99999999999744 1810.0
289.99999999999744 1830.0
2310.0000000002638 1840.0
289.99999999999744 1850.0
2310.0000000002638 1860.0
289.99999999999744 1870.0
2310.0000000002638 1880.0
2310.0000000002638 1900.0
2310.0000000002638 1920.0
2310.0000000002638 1940.0
299.9999999999997 130.0
299.9999999999997 150.0
299.9999999999997 190.0
2300.000000000273 200.0
2300.000000000273 220.0
299.9999999999997 230.0
299.9999999999997 250.0
299.9999999999997 370.0
299.9999999999997 390.0
299.9999999999997 410.0
2300.000000000273 420.0
299.9999999999997 430.0
2300.000000000273 440.0
299.9999999999997 450.0
299.9999999999997 470.0
299.9999999999997 1610.0
2300.000000000273 1660.0
299.9999999999997 1670.0
299.9999999999997 1690.0
299.9999999999997 1710.0
299.9999999999997 1750.0
299.9999999999997 1770.0
299.9999999999997 1790.0
299.9999999999997 1810.0
299.9999999999997 1830.0
2300.000000000273 1840.0
299.9999999999997 1850.0
2300.000000000273 1860.0
2300.000000000273 1880.0
299.9999999999997 1890.0
2300.000000000273 1900.0
2300.000000000273 1920.0
2300.000000000273 1940.0
2290.000000000282 120.0
310.000000000002 130.0
310.000000000002 150.0
310.000000000002 170.0
310.000000000002 190.0
2290.000000000282 220.0
310.000000000002 370.0
310.000000000002 390.0
310.000000000002 410.0
2290.000000000282 420.0
310.000000000002 430.0
310.000000000002 450.0
310.000000000002 470.0
2290.000000000282 1620.0
310.000000000002 1630.0
2290.000000000282 1640.0
310.000000000002 1650.0
310.000000000002 1670.0
310.000000000002 1690.0
2290.000000000282 1760.0
310.000000000002 1790.0
310.000000000002 1830.0
2290.000000000282 1840.0
310.000000000002 1850.0
2290.000000000282 1860.0
310.000000000002 1870.0
2290.000000000282 1880.0
2290.000000000282 1900.0
2290.000000000282 1920.0
2290.000000000282 1940.0
320.00000000000426 170.0
320.00000000000426 370.0
2280.000000000291 380.0
320.00000000000426 390.0
2280.000000000291 400.0
320.00000000000426 410.0
320.00000000000426 430.0
320.00000000000426 450.0
2280.000000000291 460.0
320.00000000000426 470.0
320.00000000000426 1610.0
2280.000000000291 1640.0
2280.000000000291 1660.0
320.00000000000426 1790.0
2280.000000000291 1840.0
2280.000000000291 1860.0
320.00000000000426 1870.0
2280.000000000291 1880.0
2280.000000000291 1900.0
320.00000000000426 1910.0
2280.000000000291 1920.0
2280.000000000291 1940.0
330.00000000000654 130.0
330.00000000000654 150.0
330.00000000000654 210.0
330.00000000000654 390.0
2270.0000000003 420.0
2270.0000000003 1840.0
330.00000000000654 1850.0
2270.0000000003 1860.0
330.00000000000654 1870.0
330.00000000000654 1890.0
2270.0000000003 1920.0
2270.0000000003 1940.0
340.0000000000088 130.0
340.0000000000088 150.0
2260.0000000003092 380.0
340.0000000000088 430.0
340.0000000000088 490.0
2260.0000000003092 1580.0
340.0000000000088 1590.0
2260.0000000003092 1620.0
2260.0000000003092 1640.0
2260.0000000003092 1660.0
2260.0000000003092 1680.0
340.0000000000088 1810.0
2260.0000000003092 1840.0
2260.0000000003092 1860.0
2260.0000000003092 1900.0
2260.0000000003092 1920.0
2260.0000000003092 1940.0
350.0000000000111 190.0
350.0000000000111 210.0
2250.0000000003183 220.0
350.0000000000111 390.0
2250.0000000003183 400.0
2250.0000000003183 420.0
350.0000000000111 450.0
2250.0000000003183 1600.0
2250.0000000003183 1620.0
2250.0000000003183 1640.0
2250.0000000003183 1660.0
2250.0000000003183 1760.0
350.0000000000111 1810.0
2250.0000000003183 1840.0
2250.0000000003183 1880.0
350.0000000000111 1890.0
2250.0000000003183 1940.0
2240.0000000003274 140.0
2240.0000000003274 160.0
360.00000000001336 190.0
360.00000000001336 210.0
2240.0000000003274 220.0
360.00000000001336 390.0
360.00000000001336 450.0
360.00000000001336 490.0
2240.0000000003274 1600.0
360.00000000001336 1650.0
360.00000000001336 1830.0
2240.0000000003274 1840.0
2240.0000000003274 1860.0
2240.0000000003274 1900.0
2240.0000000003274 1920.0
2240.0000000003274 1940.0
2230.0000000003365 120.0
2230.0000000003365 160.0
370.00000000001563 170.0
370.00000000001563 190.0
370.00000000001563 210.0
2230.0000000003365 220.0
370.00000000001563 310.0
370.00000000001563 410.0
370.00000000001563 470.0
370.00000000001563 1570.0
2230.0000000003365 1760.0
370.00000000001563 1810.0
2230.0000000003365 1860.0
2230.0000000003365 1940.0
2220.0000000003456 120.0
380.0000000000179 190.0
2220.0000000003456 200.0
380.0000000000179 210.0
380.0000000000179 230.0
380.0000000000179 310.0
380.0000000000179 390.0
380.0000000000179 470.0
2220.0000000003456 480.0
380.0000000000179 1570.0
380.0000000000179 1590.0
2220.0000000003456 1620.0
2220.0000000003456 1680.0
380.0000000000179 1810.0
2220.0000000003456 1840.0
2220.0000000003456 1860.0
2220.0000000003456 1880.0
2220.0000000003456 1900.0
2220.0000000003456 1920.0
2220.0000000003456 1940.0
390.0000000000202 130.0
2210.0000000003547 200.0
390.0000000000202 210.0
2210.0000000003547 240.0
390.0000000000202 390.0
390.0000000000202 410.0
390.0000000000202 450.0
390.0000000000202 1570.0
2210.0000000003547 1600.0
2210.0000000003547 1620.0
390.0000000000202 1630.0
390.0000000000202 1650.0
2210.0000000003547 1720.0
390.0000000000202 1810.0
390.0000000000202 1830.0
2210.0000000003547 1860.0
2210.0000000003547 1880.0
390.0000000000202 1890.0
2210.0000000003547 1920.0
2210.0000000003547 1940.0
2200.000000000364 160.0
400.00000000002245 170.0
2200.000000000364 200.0
2200.000000000364 240.0
400.00000000002245 410.0
400.00000000002245 1570.0
400.00000000002245 1590.0
400.00000000002245 1610.0
400.00000000002245 1630.0
400.00000000002245 1650.0
2200.000000000364 1660.0
2200.000000000364 1680.0
2200.000000000364 1700.0
2200.000000000364 1720.0
2200.000000000364 1740.0
2200.000000000364 1780.0
400.00000000002245 1810.0
2200.000000000364 1820.0
400.00000000002245 1830.0
400.00000000002245 1850.0
400.00000000002245 1870.0
400.00000000002245 1890.0
2200.000000000364 1900.0
2200.000000000364 1940.0
410.0000000000247 210.0
2190.000000000373 220.0
2190.000000000373 340.0
410.0000000000247 450.0
410.0000000000247 470.0
410.0000000000247 1550.0
410.0000000000247 1590.0
410.0000000000247 1650.0
2190.000000000373 1660.0
2190.000000000373 1680.0
2190.000000000373 1700.0
410.0000000000247 1730.0
410.0000000000247 1810.0
2190.000000000373 1820.0
410.0000000000247 1830.0
2190.000000000373 1840.0
2190.000000000373 1880.0
2190.000000000373 1900.0
410.0000000000247 1910.0
2190.000000000373 1920.0
2180.000000000382 180.0
2180.000000000382 220.0
2180.000000000382 240.0
2180.000000000382 260.0
2180.000000000382 340.0
420.000000000027 390.0
420.000000000027 410.0
420.000000000027 430.0
2180.000000000382 460.0
420.000000000027 1650.0
2180.000000000382 1660.0
420.000000000027 1670.0
2180.000000000382 1680.0
2180.000000000382 1740.0
2180.000000000382 1780.0
2180.000000000382 1800.0
2180.000000000382 1820.0
420.000000000027 1830.0
2180.000000000382 1880.0
430.0000000000293 170.0
430.0000000000293 190.0
2170.000000000391 200.0
430.0000000000293 250.0
2170.000000000391 260.0
430.0000000000293 310.0
2170.000000000391 360.0
2170.000000000391 380.0
430.0000000000293 410.0
430.0000000000293 430.0
430.0000000000293 450.0
430.0000000000293 1630.0
2170.000000000391 1640.0
2170.000000000391 1660.0
2170.000000000391 1680.0
2170.000000000391 1720.0
2170.000000000391 1780.0
430.0000000000293 1790.0
430.0000000000293 1810.0
2170.000000000391 1840.0
2170.000000000391 1860.0
430.0000000000293 1870.0
2170.000000000391 1880.0
2170.000000000391 1900.0
440.00000000003155 150.0
440.00000000003155 170.0
440.00000000003155 210.0
2160.0000000004 280.0
440.00000000003155 290.0
440.00000000003155 330.0
440.00000000003155 390.0
440.00000000003155 410.0
440.00000000003155 430.0
440.00000000003155 1630.0
440.00000000003155 1650.0
2160.0000000004 1660.0
440.00000000003155 1690.0
2160.0000000004 1700.0
440.00000000003155 1770.0
2160.0000000004 1800.0
440.00000000003155 1810.0
440.00000000003155 1830.0
2160.0000000004 1840.0
2160.0000000004 1860.0
2160.0000000004 1880.0
450.0000000000338 230.0
450.0000000000338 310.0
2150.0000000004093 340.0
450.0000000000338 350.0
2150.0000000004093 360.0
2150.0000000004093 380.0
2150.0000000004093 400.0
450.0000000000338 410.0
2150.0000000004093 420.0
450.0000000000338 430.0
450.0000000000338 1590.0
450.0000000000338 1630.0
2150.0000000004093 1640.0
450.0000000000338 1650.0
2150.0000000004093 1700.0
450.0000000000338 1710.0
450.0000000000338 1730.0
2150.0000000004093 1740.0
2150.0000000004093 1760.0
2150.0000000004093 1780.0
450.0000000000338 1790.0
2150.0000000004093 1800.0
450.0000000000338 1810.0
450.0000000000338 1830.0
2150.0000000004093 1840.0
450.0000000000338 1850.0
2150.0000000004093 1860.0
450.0000000000338 1870.0
2150.0000000004093 1900.0
460.0000000000361 150.0
460.0000000000361 170.0
460.0000000000361 190.0
460.0000000000361 210.0
460.0000000000361 230.0
2140.0000000004184 260.0
2140.0000000004184 280.0
460.0000000000361 330.0
460.0000000000361 350.0
2140.0000000004184 360.0
2140.0000000004184 380.0
460.0000000000361 390.0
2140.0000000004184 400.0
460.0000000000361 410.0
2140.0000000004184 420.0
460.0000000000361 430.0
460.0000000000361 450.0
460.0000000000361 1630.0
2140.0000000004184 1640.0
2140.0000000004184 1660.0
460.0000000000361 1670.0
2140.0000000004184 1680.0
2140.0000000004184 1700.0
460.0000000000361 1730.0
460.0000000000361 1750.0
2140.0000000004184 1760.0
460.0000000000361 1770.0
460.0000000000361 1830.0
460.0000000000361 1850.0
460.0000000000361 1870.0
2140.0000000004184 1900.0
470.00000000003837 190.0
470.00000000003837 230.0
470.00000000003837 250.0
2130.0000000004275 360.0
2130.0000000004275 380.0
470.00000000003837 450.0
470.00000000003837 1570.0
470.00000000003837 1590.0
470.00000000003837 1630.0
2130.0000000004275 1640.0
470.00000000003837 1650.0
2130.0000000004275 1660.0
470.00000000003837 1670.0
2130.0000000004275 1680.0
2130.0000000004275 1700.0
2130.0000000004275 1720.0
470.00000000003837 1730.0
2130.0000000004275 1760.0
470.00000000003837 1770.0
470.00000000003837 1790.0
470.00000000003837 1830.0
470.00000000003837 1850.0
470.00000000003837 1870.0
2130.0000000004275 1880.0
470.00000000003837 1890.0
2120.0000000004366 180.0
480.00000000004064 210.0
480.00000000004064 230.0
480.00000000004064 350.0
2120.0000000004366 360.0
2120.0000000004366 380.0
480.00000000004064 430.0
480.00000000004064 1590.0
480.00000000004064 1650.0
2120.0000000004366 1660.0
2120.0000000004366 1680.0
480.00000000004064 1750.0
2120.0000000004366 1760.0
480.00000000004064 1810.0
480.00000000004064 1850.0
2120.0000000004366 1860.0
480.00000000004064 1870.0
480.00000000004064 1890.0
490.0000000000429 170.0
490.0000000000429 190.0
490.0000000000429 210.0
2110.0000000004457 220.0
490.0000000000429 290.0
490.0000000000429 370.0
2110.0000000004457 420.0
490.0000000000429 1650.0
490.0000000000429 1670.0
2110.0000000004457 1680.0
490.0000000000429 1710.0
490.0000000000429 1750.0
2110.0000000004457 1800.0
490.0000000000429 1830.0
490.0000000000429 1850.0
2110.0000000004457 1860.0
490.0000000000429 1870.0
500.0000000000452 190.0
500.0000000000452 210.0
2100.0000000004547 300.0
500.0000000000452 310.0
2100.0000000004547 320.0
500.0000000000452 350.0
500.0000000000452 370.0
2100.0000000004547 380.0
2100.0000000004547 400.0
500.0000000000452 410.0
500.0000000000452 1610.0
500.0000000000452 1650.0
2100.0000000004547 1700.0
500.0000000000452 1730.0
2100.0000000004547 1740.0
500.0000000000452 1810.0
500.0000000000452 1870.0
510.00000000004746 210.0
510.00000000004746 270.0
2090.000000000464 280.0
2090.000000000464 300.0
510.00000000004746 310.0
510.00000000004746 390.0
510.00000000004746 1610.0
510.00000000004746 1710.0
510.00000000004746 1770.0
2090.000000000464 1780.0
510.00000000004746 1830.0
510.00000000004746 1850.0
520.0000000000497 210.0
2080.000000000473 260.0
2080.000000000473 300.0
520.0000000000497 310.0
2080.000000000473 340.0
520.0000000000497 390.0
520.0000000000497 1650.0
520.0000000000497 1790.0
520.0000000000497 1810.0
2070.000000000482 300.0
530.000000000052 310.0
530.000000000052 1650.0
530.000000000052 1830.0
540.0000000000542 270.0
540.0000000000542 290.0
540.0000000000542 1690.0
540.0000000000542 1750.0
550.0000000000565 1090.0
550.0000000000565 1130.0
560.0000000000588 1070.0
560.0000000000588 1110.0
560.0000000000588 1130.0
560.0000000000588 1150.0
560.0000000000588 1170.0
570.000000000061 1030.0
570.000000000061 1070.0
570.000000000061 1110.0
570.000000000061 1130.0
580.0000000000633 1010.0
580.0000000000633 1030.0
580.0000000000633 1110.0
2020.0000000005275 1120.0
580.0000000000633 1130.0
2020.0000000005275 1140.0
2020.0000000005275 1160.0
580.0000000000633 1170.0
590.0000000000656 990.0
590.0000000000656 1010.0
590.0000000000656 1030.0
590.0000000000656 1090.0
590.0000000000656 1110.0
2010.0000000005366 1120.0
590.0000000000656 1130.0
2010.0000000005366 1140.0
590.0000000000656 1210.0
600.0000000000679 990.0
600.0000000000679 1010.0
600.0000000000679 1030.0
600.0000000000679 1050.0
600.0000000000679 1090.0
600.0000000000679 1110.0
2000.0000000005457 1120.0
600.0000000000679 1130.0
2000.0000000005457 1140.0
600.0000000000679 1170.0
600.0000000000679 1190.0
600.0000000000679 1210.0
600.0000000000679 1230.0
610.0000000000701 970.0
610.0000000000701 990.0
610.0000000000701 1010.0
610.0000000000701 1030.0
610.0000000000701 1050.0
1990.0000000005548 1060.0
1990.0000000005548 1080.0
610.0000000000701 1090.0
1990.0000000005548 1100.0
610.0000000000701 1110.0
1990.0000000005548 1120.0
610.0000000000701 1130.0
1990.0000000005548 1140.0
1990.0000000005548 1160.0
610.0000000000701 1230.0
1990.0000000005548 1240.0
620.0000000000724 970.0
620.0000000000724 990.0
620.0000000000724 1010.0
620.0000000000724 1030.0
1980.000000000564 1040.0
620.0000000000724 1050.0
620.0000000000724 1110.0
1980.000000000564 1120.0
620.0000000000724 1130.0
1980.000000000564 1140.0
1980.000000000564 1160.0
620.0000000000724 1230.0
630.0000000000747 950.0
630.0000000000747 970.0
630.0000000000747 990.0
630.0000000000747 1010.0
630.0000000000747 1030.0
630.0000000000747 1050.0
630.0000000000747 1090.0
630.0000000000747 1110.0
1970.000000000573 1120.0
630.0000000000747 1130.0
1970.000000000573 1140.0
630.0000000000747 1150.0
630.0000000000747 1170.0
630.0000000000747 1190.0
630.0000000000747 1210.0
640.000000000077 970.0
640.000000000077 990.0
640.000000000077 1010.0
1960.000000000582 1020.0
640.000000000077 1030.0
1960.000000000582 1040.0
640.000000000077 1050.0
1960.000000000582 1060.0
640.000000000077 1070.0
640.000000000077 1090.0
640.000000000077 1110.0
1960.000000000582 1120.0
640.000000000077 1130.0
1960.000000000582 1140.0
640.000000000077 1190.0
1960.000000000582 1220.0
1960.000000000582 1240.0
650.0000000000792 990.0
1950.0000000005912 1000.0
650.0000000000792 1010.0
650.0000000000792 1030.0
650.0000000000792 1050.0
1950.0000000005912 1060.0
650.0000000000792 1070.0
1950.0000000005912 1080.0
650.0000000000792 1090.0
1950.0000000005912 1100.0
650.0000000000792 1110.0
1950.0000000005912 1120.0
650.0000000000792 1130.0
1950.0000000005912 1140.0
650.0000000000792 1150.0
650.0000000000792 1170.0
650.0000000000792 1190.0
1950.0000000005912 1200.0
1950.0000000005912 1220.0
1950.0000000005912 1240.0
650.0000000000792 1270.0
1950.0000000005912 1280.0
660.0000000000815 1010.0
1940.0000000006003 1020.0
660.0000000000815 1030.0
1940.0000000006003 1040.0
660.0000000000815 1050.0
1940.0000000006003 1060.0
660.0000000000815 1070.0
660.0000000000815 1090.0
660.0000000000815 1110.0
1940.0000000006003 1120.0
660.0000000000815 1130.0
1940.0000000006003 1140.0
1940.0000000006003 1160.0
660.0000000000815 1190.0
1940.0000000006003 1200.0
660.0000000000815 1250.0
1940.0000000006003 1260.0
670.0000000000838 930.0
670.0000000000838 970.0
1930.0000000006094 980.0
670.0000000000838 1010.0
670.0000000000838 1030.0
670.0000000000838 1050.0
1930.0000000006094 1060.0
670.0000000000838 1070.0
1930.0000000006094 1080.0
1930.0000000006094 1100.0
1930.0000000006094 1120.0
1930.0000000006094 1140.0
670.0000000000838 1150.0
1930.0000000006094 1160.0
670.0000000000838 1170.0
670.0000000000838 1190.0
1930.0000000006094 1200.0
670.0000000000838 1210.0
1930.0000000006094 1220.0
670.0000000000838 1230.0
1930.0000000006094 1260.0
680.0000000000861 930.0
680.0000000000861 970.0
680.0000000000861 990.0
680.0000000000861 1010.0
680.0000000000861 1030.0
1920.0000000006185 1040.0
680.0000000000861 1050.0
1920.0000000006185 1060.0
1920.0000000006185 1080.0
1920.0000000006185 1100.0
1920.0000000006185 1120.0
680.0000000000861 1170.0
680.0000000000861 1190.0
680.0000000000861 1210.0
680.0000000000861 1230.0
1920.0000000006185 1260.0
1920.0000000006185 1300.0
690.0000000000883 950.0
1910.0000000006276 1000.0
690.0000000000883 1010.0
690.0000000000883 1030.0
1910.0000000006276 1080.0
1910.0000000006276 1100.0
1910.0000000006276 1120.0
690.0000000000883 1170.0
690.0000000000883 1190.0
690.0000000000883 1210.0
1910.0000000006276 1220.0
690.0000000000883 1230.0
1910.0000000006276 1280.0
700.0000000000906 930.0
700.0000000000906 950.0
700.0000000000906 970.0
700.0000000000906 990.0
700.0000000000906 1010.0
1900.0000000006366 1020.0
700.0000000000906 1030.0
1900.0000000006366 1080.0
700.0000000000906 1170.0
1900.0000000006366 1180.0
700.0000000000906 1190.0
700.0000000000906 1210.0
1900.0000000006366 1220.0
1900.0000000006366 1240.0
700.0000000000906 1250.0
1900.0000000006366 1260.0
700.0000000000906 1270.0
1900.0000000006366 1280.0
700.0000000000906 1290.0
710.0000000000929 930.0
710.0000000000929 950.0
1890.0000000006457 960.0
1890.0000000006457 980.0
710.0000000000929 990.0
1890.0000000006457 1000.0
710.0000000000929 1010.0
1890.0000000006457 1020.0
710.0000000000929 1030.0
1890.0000000006457 1080.0
710.0000000000929 1190.0
1890.0000000006457 1200.0
710.0000000000929 1210.0
710.0000000000929 1230.0
1890.0000000006457 1240.0
710.0000000000929 1250.0
710.0000000000929 1270.0
710.0000000000929 1290.0
720.0000000000952 950.0
1880.0000000006548 960.0
1880.0000000006548 980.0
720.0000000000952 1010.0
720.0000000000952 1030.0
1880.0000000006548 1040.0
1880.0000000006548 1140.0
720.0000000000952 1190.0
1880.0000000006548 1200.0
720.0000000000952 1210.0
1880.0000000006548 1220.0
720.0000000000952 1230.0
720.0000000000952 1250.0
1880.0000000006548 1260.0
720.0000000000952 1270.0
720.0000000000952 1290.0
730.0000000000974 930.0
1870.000000000664 960.0
730.0000000000974 970.0
1870.000000000664 980.0
1870.000000000664 1000.0
730.0000000000974 1010.0
730.0000000000974 1030.0
1870.000000000664 1040.0
1870.000000000664 1060.0
730.0000000000974 1190.0
730.0000000000974 1210.0
1870.000000000664 1220.0
730.0000000000974 1230.0
730.0000000000974 1250.0
730.0000000000974 1270.0
730.0000000000974 1290.0
1860.000000000673 1000.0
740.0000000000997 1010.0
1860.000000000673 1020.0
740.0000000000997 1030.0
740.0000000000997 1190.0
740.0000000000997 1210.0
1860.000000000673 1220.0
740.0000000000997 1230.0
740.0000000000997 1250.0
740.0000000000997 1270.0
740.0000000000997 1290.0
750.000000000102 930.0
750.000000000102 970.0
750.000000000102 990.0
1850.0000000006821 1000.0
750.000000000102 1010.0
1850.0000000006821 1020.0
750.000000000102 1030.0
1850.0000000006821 1040.0
1850.0000000006821 1060.0
750.000000000102 1190.0
750.000000000102 1210.0
1850.0000000006821 1220.0
750.000000000102 1230.0
750.000000000102 1250.0
1850.0000000006821 1260.0
750.000000000102 1270.0
750.000000000102 1290.0
1840.0000000006912 960.0
760.0000000001043 990.0
760.0000000001043 1010.0
1840.0000000006912 1020.0
760.0000000001043 1030.0
1840.0000000006912 1040.0
760.0000000001043 1190.0
760.0000000001043 1210.0
760.0000000001043 1230.0
760.0000000001043 1250.0
760.0000000001043 1270.0
760.0000000001043 1290.0
770.0000000001065 930.0
770.0000000001065 950.0
1830.0000000007003 960.0
770.0000000001065 970.0
770.0000000001065 990.0
1830.0000000007003 1000.0
770.0000000001065 1010.0
1830.0000000007003 1020.0
770.0000000001065 1030.0
770.0000000001065 1110.0
770.0000000001065 1210.0
770.0000000001065 1230.0
770.0000000001065 1250.0
770.0000000001065 1270.0
770.0000000001065 1290.0
780.0000000001088 930.0
780.0000000001088 950.0
780.0000000001088 970.0
780.0000000001088 990.0
780.0000000001088 1010.0
780.0000000001088 1030.0
1820.0000000007094 1060.0
780.0000000001088 1250.0
780.0000000001088 1270.0
780.0000000001088 1290.0
790.0000000001111 930.0
790.0000000001111 950.0
790.0000000001111 970.0
790.0000000001111 990.0
790.0000000001111 1010.0
1810.0000000007185 1020.0
790.0000000001111 1030.0
790.0000000001111 1050.0
790.0000000001111 1190.0
790.0000000001111 1230.0
1810.0000000007185 1260.0
790.0000000001111 1270.0
800.0000000001133 930.0
800.0000000001133 950.0
1800.0000000007276 960.0
800.0000000001133 970.0
1800.0000000007276 980.0
800.0000000001133 990.0
800.0000000001133 1010.0
800.0000000001133 1030.0
800.0000000001133 1050.0
1800.0000000007276 1240.0
810.0000000001156 930.0
810.0000000001156 950.0
1790.0000000007367 960.0
810.0000000001156 970.0
1790.0000000007367 980.0
810.0000000001156 990.0
1790.0000000007367 1000.0
810.0000000001156 1010.0
1790.0000000007367 1020.0
810.0000000001156 1030.0
1790.0000000007367 1040.0
810.0000000001156 1050.0
1790.0000000007367 1060.0
810.0000000001156 1070.0
810.0000000001156 1170.0
810.0000000001156 1190.0
1790.0000000007367 1200.0
1790.0000000007367 1300.0
820.0000000001179 950.0
820.0000000001179 970.0
820.0000000001179 990.0
820.0000000001179 1010.0
1780.0000000007458 1020.0
820.0000000001179 1030.0
820.0000000001179 1050.0
820.0000000001179 1070.0
1780.0000000007458 1080.0
820.0000000001179 1090.0
1780.0000000007458 1200.0
1780.0000000007458 1300.0
830.0000000001202 950.0
1770.0000000007549 960.0
830.0000000001202 990.0
1770.0000000007549 1000.0
830.0000000001202 1030.0
830.0000000001202 1050.0
830.0000000001202 1070.0
1770.0000000007549 1080.0
830.0000000001202 1090.0
830.0000000001202 1110.0
830.0000000001202 1170.0
830.0000000001202 1210.0
1770.0000000007549 1220.0
1770.0000000007549 1280.0
1770.0000000007549 1300.0
1760.000000000764 960.0
1760.000000000764 980.0
840.0000000001224 990.0
1760.000000000764 1000.0
1760.000000000764 1020.0
840.0000000001224 1030.0
1760.000000000764 1040.0
840.0000000001224 1050.0
1760.000000000764 1060.0
840.0000000001224 1070.0
840.0000000001224 1090.0
840.0000000001224 1110.0
1760.000000000764 1140.0
840.0000000001224 1230.0
840.0000000001224 1250.0
850.0000000001247 970.0
1750.000000000773 980.0
1750.000000000773 1020.0
850.0000000001247 1030.0
1750.000000000773 1040.0
850.0000000001247 1050.0
850.0000000001247 1070.0
850.0000000001247 1090.0
850.0000000001247 1110.0
1750.000000000773 1120.0
1750.000000000773 1140.0
1750.000000000773 1160.0
850.0000000001247 1190.0
850.0000000001247 1230.0
1750.000000000773 1240.0
850.0000000001247 1250.0
1740.0000000007822 980.0
1740.0000000007822 1000.0
1740.0000000007822 1020.0
860.000000000127 1030.0
1740.0000000007822 1040.0
860.000000000127 1050.0
1740.0000000007822 1060.0
860.000000000127 1070.0
860.000000000127 1090.0
860.000000000127 1110.0
1740.0000000007822 1120.0
1740.0000000007822 1240.0
860.000000000127 1250.0
1730.0000000007913 980.0
870.0000000001293 990.0
870.0000000001293 1010.0
1730.0000000007913 1020.0
870.0000000001293 1030.0
870.0000000001293 1050.0
1730.0000000007913 1060.0
870.0000000001293 1070.0
870.0000000001293 1090.0
870.0000000001293 1110.0
1730.0000000007913 1120.0
1730.0000000007913 1260.0
1720.0000000008004 1020.0
880.0000000001315 1030.0
880.0000000001315 1050.0
880.0000000001315 1070.0
880.0000000001315 1090.0
880.0000000001315 1110.0
880.0000000001315 1130.0
1720.0000000008004 1140.0
1720.0000000008004 1160.0
880.0000000001315 1230.0
1720.0000000008004 1240.0
1710.0000000008095 1000.0
890.0000000001338 1030.0
890.0000000001338 1050.0
890.0000000001338 1070.0
890.0000000001338 1090.0
890.0000000001338 1110.0
1710.0000000008095 1120.0
890.0000000001338 1130.0
1710.0000000008095 1140.0
890.0000000001338 1190.0
1700.0000000008185 1020.0
900.0000000001361 1030.0
1700.0000000008185 1040.0
900.0000000001361 1050.0
900.0000000001361 1070.0
900.0000000001361 1130.0
1700.0000000008185 1140.0
1700.0000000008185 1160.0
1700.0000000008185 1180.0
1690.0000000008276 1020.0
910.0000000001384 1030.0
910.0000000001384 1050.0
910.0000000001384 1070.0
910.0000000001384 1090.0
1690.0000000008276 1160.0
1690.0000000008276 1180.0
920.0000000001406 1070.0
920.0000000001406 1130.0
1680.0000000008367 1160.0
1670.0000000008458 1120.0
1670.0000000008458 1180.0
1660.000000000855 1080.0
1660.000000000855 1180.0
1520.0000000009823 520.0
1520.0000000009823 540.0
1520.0000000009823 580.0
1510.0000000009913 540.0
1510.0000000009913 560.0
1510.0000000009913 620.0
1500.0000000010004 480.0
1500.0000000010004 500.0
1500.0000000010004 520.0
1500.0000000010004 540.0
1500.0000000010004 560.0
1500.0000000010004 580.0
1500.0000000010004 620.0
1100.000000000095 1550.0
1490.0000000010095 480.0
1490.0000000010095 500.0
1490.0000000010095 560.0
1490.0000000010095 580.0
1490.0000000010095 600.0
1490.0000000010095 620.0
1490.0000000010095 640.0
1490.0000000010095 660.0
1110.000000000086 1550.0
1110.000000000086 1610.0
1480.0000000010186 440.0
1480.0000000010186 460.0
1480.0000000010186 480.0
1480.0000000010186 500.0
1480.0000000010186 520.0
1480.0000000010186 560.0
1480.0000000010186 580.0
1480.0000000010186 600.0
1480.0000000010186 660.0
1120.0000000000769 1550.0
1470.0000000010277 500.0
1470.0000000010277 520.0
1470.0000000010277 540.0
1470.0000000010277 580.0
1470.0000000010277 600.0
1470.0000000010277 660.0
1470.0000000010277 680.0
1470.0000000010277 1520.0
1470.0000000010277 1540.0
1130.0000000000678 1550.0
1130.0000000000678 1610.0
1460.0000000010368 420.0
1460.0000000010368 440.0
1460.0000000010368 460.0
1460.0000000010368 480.0
1460.0000000010368 520.0
1460.0000000010368 580.0
1460.0000000010368 600.0
1460.0000000010368 640.0
1460.0000000010368 660.0
1460.0000000010368 680.0
1140.0000000000587 1550.0
1460.0000000010368 1600.0
1450.000000001046 420.0
1450.000000001046 460.0
1450.000000001046 480.0
1150.0000000000496 510.0
1450.000000001046 540.0
1450.000000001046 560.0
1150.0000000000496 570.0
1450.000000001046 580.0
1450.000000001046 600.0
1450.000000001046 680.0
1450.000000001046 700.0
1150.0000000000496 1430.0
1450.000000001046 1500.0
1150.0000000000496 1550.0
1450.000000001046 1600.0
1440.000000001055 460.0
1440.000000001055 480.0
1160.0000000000405 490.0
1440.000000001055 500.0
1440.000000001055 520.0
1160.0000000000405 530.0
1440.000000001055 540.0
1440.000000001055 560.0
1440.000000001055 580.0
1160.0000000000405 590.0
1440.000000001055 600.0
1160.0000000000405 610.0
1440.000000001055 620.0
1160.0000000000405 630.0
1440.000000001055 660.0
1440.000000001055 680.0
1440.000000001055 700.0
1160.0000000000405 1410.0
1160.0000000000405 1430.0
1160.0000000000405 1450.0
1160.0000000000405 1510.0
1440.000000001055 1520.0
1160.0000000000405 1550.0
1440.000000001055 1580.0
1440.000000001055 1600.0
1430.000000001064 420.0
1430.000000001064 480.0
1430.000000001064 500.0
1170.0000000000314 510.0
1430.000000001064 520.0
1430.000000001064 540.0
1430.000000001064 560.0
1170.0000000000314 570.0
1430.000000001064 580.0
1170.0000000000314 590.0
1430.000000001064 600.0
1430.000000001064 620.0
1170.0000000000314 650.0
1430.000000001064 660.0
1430.000000001064 680.0
1430.000000001064 700.0
1170.0000000000314 1450.0
1170.0000000000314 1550.0
1430.000000001064 1580.0
1170.0000000000314 1590.0
1420.0000000010732 400.0
1420.0000000010732 440.0
1420.0000000010732 480.0
1420.0000000010732 500.0
1420.0000000010732 520.0
1420.0000000010732 540.0
1420.0000000010732 560.0
1420.0000000010732 580.0
1420.0000000010732 600.0
1180.0000000000223 610.0
1420.0000000010732 620.0
1420.0000000010732 640.0
1420.0000000010732 720.0
1180.0000000000223 1410.0
1420.0000000010732 1420.0
1180.0000000000223 1470.0
1180.0000000000223 1550.0
1420.0000000010732 1560.0
1420.0000000010732 1580.0
1180.0000000000223 1590.0
1180.0000000000223 1650.0
1420.0000000010732 1660.0
1410.0000000010823 400.0
1410.0000000010823 420.0
1190.0000000000132 450.0
1410.0000000010823 500.0
1190.0000000000132 510.0
1410.0000000010823 520.0
1190.0000000000132 530.0
1410.0000000010823 540.0
1410.0000000010823 560.0
1410.0000000010823 580.0
1190.0000000000132 590.0
1410.0000000010823 600.0
1190.0000000000132 610.0
1410.0000000010823 620.0
1190.0000000000132 630.0
1410.0000000010823 640.0
1190.0000000000132 650.0
1410.0000000010823 700.0
1410.0000000010823 720.0
1190.0000000000132 1390.0
1410.0000000010823 1420.0
1190.0000000000132 1430.0
1190.0000000000132 1470.0
1410.0000000010823 1520.0
1190.0000000000132 1550.0
1410.0000000010823 1580.0
1400.0000000010914 380.0
1400.0000000010914 420.0
1200.000000000004 430.0
1400.0000000010914 440.0
1400.0000000010914 460.0
1400.0000000010914 480.0
1200.000000000004 490.0
1400.0000000010914 500.0
1400.0000000010914 520.0
1200.000000000004 550.0
1200.000000000004 570.0
1200.000000000004 590.0
1400.0000000010914 600.0
1400.0000000010914 620.0
1200.000000000004 630.0
1400.0000000010914 640.0
1200.000000000004 650.0
1200.000000000004 670.0
1400.0000000010914 680.0
1400.0000000010914 700.0
1400.0000000010914 720.0
1200.000000000004 1390.0
1400.0000000010914 1400.0
1200.000000000004 1410.0
1400.0000000010914 1420.0
1200.000000000004 1450.0
1200.000000000004 1470.0
1200.000000000004 1550.0
1400.0000000010914 1580.0
1400.0000000010914 1640.0
1390.0000000011005 380.0
1390.0000000011005 440.0
1390.0000000011005 480.0
1390.0000000011005 500.0
1209.999999999995 510.0
1209.999999999995 530.0
1209.999999999995 550.0
1209.999999999995 570.0
1209.999999999995 590.0
1390.0000000011005 620.0
1390.0000000011005 640.0
1390.0000000011005 660.0
1209.999999999995 670.0
1390.0000000011005 680.0
1390.0000000011005 700.0
1390.0000000011005 720.0
1209.999999999995 1390.0
1390.0000000011005 1400.0
1209.999999999995 1410.0
1390.0000000011005 1420.0
1209.999999999995 1430.0
1390.0000000011005 1440.0
1390.0000000011005 1460.0
1209.999999999995 1470.0
1209.999999999995 1550.0
1390.0000000011005 1580.0
1209.999999999995 1610.0
1219.999999999986 410.0
1380.0000000011096 440.0
1219.999999999986 470.0
1219.999999999986 490.0
1219.999999999986 530.0
1219.999999999986 550.0
1219.999999999986 570.0
1219.999999999986 590.0
1219.999999999986 630.0
1380.0000000011096 640.0
1219.999999999986 650.0
1380.0000000011096 660.0
1219.999999999986 670.0
1380.0000000011096 680.0
1380.0000000011096 700.0
1219.999999999986 1390.0
1380.0000000011096 1400.0
1219.999999999986 1410.0
1380.0000000011096 1420.0
1219.999999999986 1430.0
1380.0000000011096 1440.0
1219.999999999986 1470.0
1380.0000000011096 1500.0
1380.0000000011096 1540.0
1380.0000000011096 1580.0
1370.0000000011187 400.0
1229.9999999999768 410.0
1370.0000000011187 440.0
1370.0000000011187 460.0
1229.9999999999768 490.0
1229.9999999999768 510.0
1229.9999999999768 530.0
1229.9999999999768 550.0
1229.9999999999768 570.0
1229.9999999999768 590.0
1229.9999999999768 610.0
1370.0000000011187 620.0
1229.9999999999768 630.0
1370.0000000011187 640.0
1229.9999999999768 650.0
1370.0000000011187 660.0
1229.9999999999768 670.0
1229.9999999999768 690.0
1229.9999999999768 710.0
1370.0000000011187 1380.0
1229.9999999999768 1390.0
1370.0000000011187 1400.0
1229.9999999999768 1410.0
1370.0000000011187 1420.0
1229.9999999999768 1430.0
1370.0000000011187 1440.0
1229.9999999999768 1450.0
1370.0000000011187 1460.0
1370.0000000011187 1580.0
1370.0000000011187 1640.0
1370.0000000011187 1660.0
1370.0000000011187 1700.0
1360.0000000011278 380.0
1239.9999999999677 390.0
1239.9999999999677 410.0
1360.0000000011278 420.0
1239.9999999999677 430.0
1360.0000000011278 440.0
1360.0000000011278 460.0
1239.9999999999677 470.0
1239.9999999999677 550.0
1360.0000000011278 560.0
1239.9999999999677 570.0
1239.9999999999677 590.0
1239.9999999999677 610.0
1239.9999999999677 630.0
1360.0000000011278 640.0
1239.9999999999677 650.0
1239.9999999999677 670.0
1239.9999999999677 690.0
1360.0000000011278 1380.0
1360.0000000011278 1400.0
1239.9999999999677 1410.0
1360.0000000011278 1420.0
1239.9999999999677 1430.0
1360.0000000011278 1440.0
1239.9999999999677 1450.0
1360.0000000011278 1460.0
1239.9999999999677 1470.0
1239.9999999999677 1490.0
1360.0000000011278 1560.0
1360.0000000011278 1580.0
1360.0000000011278 1680.0
1350.0000000011369 380.0
1249.9999999999586 390.0
1350.0000000011369 400.0
1249.9999999999586 410.0
1249.9999999999586 430.0
1350.0000000011369 440.0
1249.9999999999586 490.0
1249.9999999999586 530.0
1249.9999999999586 550.0
1350.0000000011369 560.0
1249.9999999999586 570.0
1249.9999999999586 590.0
1249.9999999999586 610.0
1249.9999999999586 630.0
1249.9999999999586 650.0
1249.9999999999586 670.0
1249.9999999999586 690.0
1249.9999999999586 710.0
1350.0000000011369 720.0
1249.9999999999586 1370.0
1350.0000000011369 1380.0
1249.9999999999586 1390.0
1350.0000000011369 1400.0
1350.0000000011369 1420.0
1350.0000000011369 1440.0
1249.9999999999586 1450.0
1350.0000000011369 1460.0
1249.9999999999586 1470.0
1350.0000000011369 1480.0
1350.0000000011369 1500.0
1350.0000000011369 1620.0
1340.000000001146 380.0
1259.9999999999495 390.0
1259.9999999999495 410.0
1259.9999999999495 430.0
1340.000000001146 440.0
1259.9999999999495 450.0
1340.000000001146 460.0
1259.9999999999495 530.0
1259.9999999999495 550.0
1259.9999999999495 570.0
1259.9999999999495 590.0
1259.9999999999495 610.0
1259.9999999999495 630.0
1259.9999999999495 650.0
1340.000000001146 660.0
1259.9999999999495 670.0
1259.9999999999495 690.0
1259.9999999999495 1370.0
1340.000000001146 1380.0
1340.000000001146 1400.0
1340.000000001146 1420.0
1340.000000001146 1440.0
1340.000000001146 1460.0
1259.9999999999495 1470.0
1340.000000001146 1480.0
1340.000000001146 1620.0
1330.000000001155 380.0
1269.9999999999404 390.0
1269.9999999999404 410.0
1269.9999999999404 430.0
1269.9999999999404 450.0
1269.9999999999404 470.0
1269.9999999999404 610.0
1269.9999999999404 630.0
1269.9999999999404 650.0
1269.9999999999404 670.0
1269.9999999999404 690.0
1330.000000001155 720.0
1330.000000001155 740.0
1269.9999999999404 1410.0
1330.000000001155 1420.0
1330.000000001155 1440.0
1330.000000001155 1460.0
1330.000000001155 1480.0
1330.000000001155 1620.0
1320.0000000011642 380.0
1279.9999999999313 390.0
1279.9999999999313 410.0
1320.0000000011642 420.0
1279.9999999999313 430.0
1279.9999999999313 450.0
1279.9999999999313 470.0
1279.9999999999313 610.0
1279.9999999999313 630.0
1320.0000000011642 640.0
1279.9999999999313 650.0
1279.9999999999313 670.0
1320.0000000011642 720.0
1279.9999999999313 730.0
1320.0000000011642 740.0
1279.9999999999313 1370.0
1320.0000000011642 1380.0
1279.9999999999313 1390.0
1320.0000000011642 1420.0
1320.0000000011642 1440.0
1320.0000000011642 1460.0
1320.0000000011642 1540.0
1320.0000000011642 1620.0
1279.9999999999313 1630.0
1279.9999999999313 1670.0
1289.9999999999222 370.0
1310.0000000011732 380.0
1289.9999999999222 390.0
1310.0000000011732 400.0
1289.9999999999222 410.0
1310.0000000011732 420.0
1289.9999999999222 430.0
1289.9999999999222 450.0
1310.0000000011732 460.0
1289.9999999999222 470.0
1310.0000000011732 480.0
1289.9999999999222 490.0
1289.9999999999222 550.0
1289.9999999999222 630.0
1310.0000000011732 640.0
1289.9999999999222 650.0
1310.0000000011732 660.0
1289.9999999999222 670.0
1289.9999999999222 690.0
1310.0000000011732 700.0
1289.9999999999222 1370.0
1310.0000000011732 1380.0
1289.9999999999222 1390.0
1289.9999999999222 1410.0
1310.0000000011732 1420.0
1310.0000000011732 1460.0
1310.0000000011732 1620.0
1289.9999999999222 1630.0
1289.9999999999222 1650.0
1289.9999999999222 1670.0
1289.9999999999222 1690.0
1289.9999999999222 1710.0
1299.9999999999131 370.0
1300.0000000011823 380.0
1299.9999999999131 390.0
1300.0000000011823 400.0
1300.0000000011823 420.0
1299.9999999999131 430.0
1300.0000000011823 440.0
1299.9999999999131 450.0
1300.0000000011823 460.0
1299.9999999999131 470.0
1300.0000000011823 480.0
1300.0000000011823 620.0
1299.9999999999131 630.0
1300.0000000011823 640.0
1299.9999999999131 650.0
1300.0000000011823 660.0
1299.9999999999131 670.0
1300.0000000011823 680.0
1300.0000000011823 700.0
1299.9999999999131 730.0
1300.0000000011823 1380.0
1299.9999999999131 1390.0
1299.9999999999131 1430.0
1300.0000000011823 1440.0
1299.9999999999131 1630.0
1299.9999999999131 1710.0
1300.0000000011823 1720.0
1309.999999999904 370.0
1290.0000000011914 380.0
1309.999999999904 390.0
1290.0000000011914 400.0
1290.0000000011914 420.0
1290.0000000011914 440.0
1309.999999999904 450.0
1290.0000000011914 460.0
1309.999999999904 470.0
1290.0000000011914 480.0
1309.999999999904 550.0
1290.0000000011914 620.0
1290.0000000011914 640.0
1309.999999999904 650.0
1290.0000000011914 660.0
1309.999999999904 670.0
1290.0000000011914 680.0
1309.999999999904 710.0
1290.0000000011914 720.0
1290.0000000011914 1360.0
1309.999999999904 1370.0
1290.0000000011914 1380.0
1290.0000000011914 1400.0
1290.0000000011914 1420.0
1309.999999999904 1430.0
1290.0000000011914 1640.0
1309.999999999904 1650.0
1290.0000000011914 1660.0
1309.999999999904 1670.0
1290.0000000011914 1680.0
1290.0000000011914 1700.0
1319.999999999895 370.0
1280.0000000012005 380.0
1319.999999999895 390.0
1280.0000000012005 400.0
1280.0000000012005 420.0
1280.0000000012005 440.0
1280.0000000012005 460.0
1280.0000000012005 480.0
1280.0000000012005 500.0
1280.0000000012005 620.0
1280.0000000012005 640.0
1319.999999999895 650.0
1280.0000000012005 660.0
1319.999999999895 670.0
1280.0000000012005 680.0
1280.0000000012005 700.0
1319.999999999895 710.0
1280.0000000012005 1360.0
1319.999999999895 1370.0
1319.999999999895 1450.0
1280.0000000012005 1640.0
1319.999999999895 1650.0
1319.999999999895 1670.0
1319.999999999895 1690.0
1329.9999999998859 370.0
1270.0000000012096 380.0
1329.9999999998859 390.0
1270.0000000012096 400.0
1329.9999999998859 410.0
1270.0000000012096 420.0
1329.9999999998859 430.0
1270.0000000012096 440.0
1329.9999999998859 450.0
1270.0000000012096 460.0
1329.9999999998859 470.0
1270.0000000012096 600.0
1270.0000000012096 620.0
1329.9999999998859 630.0
1270.0000000012096 640.0
1329.9999999998859 650.0
1270.0000000012096 660.0
1329.9999999998859 670.0
1270.0000000012096 680.0
1329.9999999998859 690.0
1270.0000000012096 700.0
1270.0000000012096 1360.0
1329.9999999998859 1370.0
1270.0000000012096 1380.0
1329.9999999998859 1410.0
1270.0000000012096 1420.0
1329.9999999998859 1430.0
1329.9999999998859 1450.0
1329.9999999998859 1470.0
1329.9999999998859 1610.0
1329.9999999998859 1650.0
1329.9999999998859 1670.0
1339.9999999998768 370.0
1260.0000000012187 380.0
1260.0000000012187 400.0
1260.0000000012187 420.0
1339.9999999998768 430.0
1260.0000000012187 440.0
1339.9999999998768 450.0
1260.0000000012187 460.0
1260.0000000012187 480.0
1260.0000000012187 540.0
1260.0000000012187 560.0
1260.0000000012187 580.0
1260.0000000012187 600.0
1260.0000000012187 620.0
1260.0000000012187 640.0
1339.9999999998768 650.0
1260.0000000012187 660.0
1260.0000000012187 680.0
1339.9999999998768 710.0
1339.9999999998768 1370.0
1260.0000000012187 1380.0
1339.9999999998768 1390.0
1339.9999999998768 1410.0
1260.0000000012187 1420.0
1339.9999999998768 1430.0
1260.0000000012187 1440.0
1339.9999999998768 1450.0
1339.9999999998768 1490.0
1349.9999999998677 370.0
1349.9999999998677 390.0
1250.0000000012278 400.0
1250.0000000012278 420.0
1250.0000000012278 440.0
1349.9999999998677 470.0
1250.0000000012278 540.0
1349.9999999998677 550.0
1250.0000000012278 560.0
1250.0000000012278 580.0
1250.0000000012278 600.0
1250.0000000012278 620.0
1250.0000000012278 640.0
1250.0000000012278 660.0
1250.0000000012278 680.0
1250.0000000012278 700.0
1349.9999999998677 1370.0
1250.0000000012278 1380.0
1349.9999999998677 1390.0
1250.0000000012278 1400.0
1349.9999999998677 1410.0
1349.9999999998677 1430.0
1349.9999999998677 1450.0
1250.0000000012278 1460.0
1349.9999999998677 1470.0
1250.0000000012278 1480.0
1359.9999999998586 370.0
1240.000000001237 400.0
1359.9999999998586 410.0
1240.000000001237 420.0
1240.000000001237 440.0
1359.9999999998586 450.0
1240.000000001237 460.0
1240.000000001237 500.0
1240.000000001237 520.0
1240.000000001237 540.0
1359.9999999998586 550.0
1240.000000001237 560.0
1240.000000001237 580.0
1240.000000001237 600.0
1240.000000001237 620.0
1359.9999999998586 630.0
1240.000000001237 640.0
1240.000000001237 660.0
1240.000000001237 680.0
1359.9999999998586 1390.0
1359.9999999998586 1410.0
1240.000000001237 1420.0
1359.9999999998586 1430.0
1240.000000001237 1440.0
1359.9999999998586 1450.0
1240.000000001237 1460.0
1359.9999999998586 1470.0
1359.9999999998586 1510.0
1359.9999999998586 1550.0
1359.9999999998586 1570.0
1359.9999999998586 1630.0
1369.9999999998495 370.0
1369.9999999998495 390.0
1230.000000001246 400.0
1369.9999999998495 410.0
1230.000000001246 420.0
1369.9999999998495 430.0
1230.000000001246 460.0
1230.000000001246 480.0
1230.000000001246 540.0
1230.000000001246 560.0
1230.000000001246 580.0
1230.000000001246 600.0
1230.000000001246 620.0
1369.9999999998495 630.0
1230.000000001246 640.0
1369.9999999998495 650.0
1369.9999999998495 670.0
1230.000000001246 680.0
1230.000000001246 700.0
1369.9999999998495 1390.0
1230.000000001246 1400.0
1369.9999999998495 1410.0
1230.000000001246 1420.0
1369.9999999998495 1430.0
1230.000000001246 1440.0
1369.9999999998495 1450.0
1230.000000001246 1460.0
1369.9999999998495 1550.0
1369.9999999998495 1570.0
1379.9999999998404 370.0
1379.9999999998404 390.0
1379.9999999998404 410.0
1220.000000001255 420.0
1220.000000001255 440.0
1379.9999999998404 450.0
1379.9999999998404 470.0
1220.000000001255 480.0
1379.9999999998404 490.0
1220.000000001255 500.0
1220.000000001255 540.0
1220.000000001255 560.0
1220.000000001255 580.0
1220.000000001255 600.0
1220.000000001255 640.0
1379.9999999998404 650.0
1379.9999999998404 670.0
1220.000000001255 680.0
1379.9999999998404 690.0
1220.000000001255 1380.0
1379.9999999998404 1390.0
1220.000000001255 1400.0
1379.9999999998404 1410.0
1220.000000001255 1420.0
1379.9999999998404 1430.0
1220.000000001255 1440.0
1379.9999999998404 1450.0
1379.9999999998404 1470.0
1379.9999999998404 1550.0
1379.9999999998404 1570.0
1379.9999999998404 1590.0
1379.9999999998404 1650.0
1389.9999999998313 410.0
1389.9999999998313 470.0
1389.9999999998313 490.0
1210.0000000012642 500.0
1210.0000000012642 520.0
1210.0000000012642 540.0
1210.0000000012642 560.0
1210.0000000012642 580.0
1210.0000000012642 600.0
1389.9999999998313 610.0
1210.0000000012642 620.0
1389.9999999998313 670.0
1389.9999999998313 690.0
1389.9999999998313 710.0
1389.9999999998313 730.0
1210.0000000012642 1380.0
1389.9999999998313 1390.0
1210.0000000012642 1400.0
1389.9999999998313 1410.0
1210.0000000012642 1420.0
1389.9999999998313 1430.0
1210.0000000012642 1460.0
1210.0000000012642 1480.0
1389.9999999998313 1550.0
1389.9999999998313 1570.0
1389.9999999998313 1590.0
1389.9999999998313 1630.0
1399.9999999998222 390.0
1200.0000000012733 420.0
1399.9999999998222 470.0
1200.0000000012733 480.0
1399.9999999998222 490.0
1399.9999999998222 510.0
1200.0000000012733 560.0
1200.0000000012733 580.0
1399.9999999998222 590.0
1399.9999999998222 610.0
1399.9999999998222 630.0
1200.0000000012733 640.0
1200.0000000012733 660.0
1200.0000000012733 680.0
1399.9999999998222 690.0
1399.9999999998222 710.0
1399.9999999998222 730.0
1200.0000000012733 1380.0
1200.0000000012733 1400.0
1399.9999999998222 1410.0
1399.9999999998222 1430.0
1399.9999999998222 1550.0
1399.9999999998222 1570.0
1409.999999999813 430.0
1190.0000000012824 460.0
1409.999999999813 470.0
1409.999999999813 490.0
1190.0000000012824 500.0
1409.999999999813 510.0
1190.0000000012824 520.0
1409.999999999813 530.0
1190.0000000012824 540.0
1409.999999999813 550.0
1409.999999999813 570.0
1409.999999999813 590.0
1190.0000000012824 600.0
1409.999999999813 610.0
1190.0000000012824 620.0
1409.999999999813 630.0
1190.0000000012824 640.0
1409.999999999813 670.0
1409.999999999813 710.0
1190.0000000012824 1400.0
1409.999999999813 1410.0
1409.999999999813 1430.0
1190.0000000012824 1460.0
1409.999999999813 1550.0
1409.999999999813 1570.0
1190.0000000012824 1580.0
1409.999999999813 1590.0
1190.0000000012824 1700.0
1419.999999999804 430.0
1419.999999999804 450.0
1419.999999999804 490.0
1180.0000000012915 500.0
1419.999999999804 510.0
1419.999999999804 530.0
1180.0000000012915 540.0
1419.999999999804 550.0
1419.999999999804 570.0
1180.0000000012915 580.0
1419.999999999804 590.0
1180.0000000012915 600.0
1419.999999999804 610.0
1419.999999999804 630.0
1180.0000000012915 1480.0
1419.999999999804 1510.0
1180.0000000012915 1540.0
1419.999999999804 1550.0
1180.0000000012915 1560.0
1419.999999999804 1570.0
1419.999999999804 1590.0
1429.999999999795 410.0
1429.999999999795 450.0
1170.0000000013006 460.0
1429.999999999795 510.0
1170.0000000013006 520.0
1429.999999999795 530.0
1429.999999999795 550.0
1429.999999999795 570.0
1170.0000000013006 580.0
1429.999999999795 590.0
1170.0000000013006 600.0
1429.999999999795 610.0
1429.999999999795 630.0
1170.0000000013006 640.0
1429.999999999795 650.0
1429.999999999795 670.0
1170.0000000013006 1400.0
1170.0000000013006 1440.0
1170.0000000013006 1480.0
1429.999999999795 1530.0
1429.999999999795 1550.0
1429.999999999795 1570.0
1429.999999999795 1590.0
1429.999999999795 1610.0
1170.0000000013006 1620.0
1160.0000000013097 500.0
1160.0000000013097 520.0
1439.9999999997858 530.0
1439.9999999997858 550.0
1160.0000000013097 560.0
1439.9999999997858 570.0
1160.0000000013097 580.0
1439.9999999997858 590.0
1160.0000000013097 600.0
1439.9999999997858 610.0
1439.9999999997858 630.0
1439.9999999997858 650.0
1439.9999999997858 670.0
1160.0000000013097 1440.0
1160.0000000013097 1520.0
1439.9999999997858 1550.0
1439.9999999997858 1590.0
1439.9999999997858 1610.0
1449.9999999997767 470.0
1449.9999999997767 530.0
1150.0000000013188 540.0
1449.9999999997767 550.0
1150.0000000013188 560.0
1449.9999999997767 570.0
1449.9999999997767 590.0
1150.0000000013188 600.0
1449.9999999997767 610.0
1449.9999999997767 630.0
1449.9999999997767 670.0
1449.9999999997767 690.0
1150.0000000013188 1420.0
1150.0000000013188 1440.0
1150.0000000013188 1460.0
1449.9999999997767 1510.0
1150.0000000013188 1540.0
1449.9999999997767 1550.0
1449.9999999997767 1590.0
1459.9999999997676 450.0
1459.9999999997676 490.0
1459.9999999997676 510.0
1459.9999999997676 530.0
1459.9999999997676 570.0
1459.9999999997676 590.0
1459.9999999997676 610.0
1459.9999999997676 630.0
1459.9999999997676 650.0
1140.0000000013279 1440.0
1459.9999999997676 1550.0
1459.9999999997676 1590.0
1140.0000000013279 1600.0
1459.9999999997676 1610.0
1469.9999999997585 450.0
1469.9999999997585 490.0
1469.9999999997585 510.0
1469.9999999997585 530.0
1469.9999999997585 630.0
1469.9999999997585 1550.0
1469.9999999997585 1590.0
1479.9999999997494 470.0
1479.9999999997494 490.0
1479.9999999997494 510.0
1479.9999999997494 530.0
1479.9999999997494 570.0
1479.9999999997494 590.0
1479.9999999997494 650.0
1479.9999999997494 670.0
1120.000000001346 1600.0
1489.9999999997403 470.0
1489.9999999997403 510.0
1489.9999999997403 550.0
1489.9999999997403 650.0
1499.9999999997312 470.0
1499.9999999997312 530.0
1499.9999999997312 550.0
1499.9999999997312 570.0
1499.9999999997312 630.0
1509.9999999997221 490.0
1509.9999999997221 510.0
1509.9999999997221 530.0
1509.9999999997221 550.0
1509.9999999997221 570.0
1509.9999999997221 610.0
1519.999999999713 550.0
1519.999999999713 570.0
1519.999999999713 590.0
1649.9999999995948 1130.0
1649.9999999995948 1170.0
1659.9999999995857 1110.0
1659.9999999995857 1150.0
1669.9999999995766 1050.0
1669.9999999995766 1150.0
1669.9999999995766 1170.0
920.0000000014097 1060.0
920.0000000014097 1080.0
920.0000000014097 1100.0
1679.9999999995675 1170.0
1689.9999999995584 1030.0
910.0000000014074 1040.0
910.0000000014074 1060.0
910.0000000014074 1080.0
910.0000000014074 1100.0
1689.9999999995584 1110.0
1689.9999999995584 1150.0
1689.9999999995584 1250.0
1699.9999999995493 1010.0
900.0000000014052 1020.0
900.0000000014052 1040.0
1699.9999999995493 1050.0
900.0000000014052 1060.0
900.0000000014052 1080.0
900.0000000014052 1100.0
1699.9999999995493 1110.0
900.0000000014052 1120.0
1699.9999999995493 1150.0
1699.9999999995493 1170.0
900.0000000014052 1200.0
890.0000000014029 1020.0
890.0000000014029 1040.0
890.0000000014029 1060.0
890.0000000014029 1080.0
890.0000000014029 1100.0
1709.9999999995403 1150.0
1709.9999999995403 1170.0
890.0000000014029 1200.0
1709.9999999995403 1230.0
1719.9999999995312 990.0
880.0000000014006 1000.0
880.0000000014006 1020.0
1719.9999999995312 1030.0
880.0000000014006 1040.0
880.0000000014006 1060.0
1719.9999999995312 1070.0
880.0000000014006 1080.0
880.0000000014006 1100.0
880.0000000014006 1120.0
1719.9999999995312 1170.0
880.0000000014006 1200.0
1719.9999999995312 1250.0
1729.999999999522 990.0
1729.999999999522 1010.0
870.0000000013983 1040.0
1729.999999999522 1050.0
870.0000000013983 1060.0
870.0000000013983 1080.0
1729.999999999522 1090.0
870.0000000013983 1100.0
1729.999999999522 1150.0
1729.999999999522 1170.0
870.0000000013983 1240.0
1739.999999999513 970.0
1739.999999999513 1010.0
860.0000000013961 1020.0
1739.999999999513 1030.0
860.0000000013961 1040.0
1739.999999999513 1050.0
860.0000000013961 1060.0
860.0000000013961 1080.0
860.0000000013961 1100.0
860.0000000013961 1120.0
1739.999999999513 1130.0
1739.999999999513 1150.0
1739.999999999513 1210.0
1739.999999999513 1230.0
850.0000000013938 960.0
1749.9999999995039 970.0
1749.9999999995039 1010.0
850.0000000013938 1040.0
850.0000000013938 1060.0
1749.9999999995039 1070.0
850.0000000013938 1080.0
850.0000000013938 1120.0
1749.9999999995039 1130.0
1749.9999999995039 1150.0
850.0000000013938 1180.0
1749.9999999995039 1190.0
850.0000000013938 1200.0
1749.9999999995039 1230.0
1759.9999999994948 970.0
840.0000000013915 980.0
1759.9999999994948 990.0
840.0000000013915 1020.0
1759.9999999994948 1030.0
840.0000000013915 1040.0
1759.9999999994948 1050.0
840.0000000013915 1060.0
1759.9999999994948 1070.0
840.0000000013915 1080.0
840.0000000013915 1120.0
1759.9999999994948 1130.0
1759.9999999994948 1150.0
1759.9999999994948 1210.0
1759.9999999994948 1250.0
830.0000000013893 940.0
1769.9999999994857 970.0
830.0000000013893 980.0
830.0000000013893 1000.0
1769.9999999994857 1010.0
830.0000000013893 1020.0
1769.9999999994857 1030.0
830.0000000013893 1040.0
1769.9999999994857 1050.0
830.0000000013893 1060.0
830.0000000013893 1080.0
830.0000000013893 1120.0
1769.9999999994857 1170.0
1769.9999999994857 1230.0
1769.9999999994857 1310.0
820.000000001387 940.0
820.000000001387 960.0
1779.9999999994766 970.0
820.000000001387 980.0
820.000000001387 1000.0
820.000000001387 1020.0
1779.9999999994766 1030.0
820.000000001387 1040.0
820.000000001387 1060.0
820.000000001387 1080.0
820.000000001387 1120.0
820.000000001387 1160.0
1779.9999999994766 1190.0
820.000000001387 1260.0
810.0000000013847 940.0
810.0000000013847 960.0
810.0000000013847 980.0
810.0000000013847 1000.0
1789.9999999994675 1010.0
810.0000000013847 1020.0
810.0000000013847 1040.0
810.0000000013847 1060.0
810.0000000013847 1080.0
810.0000000013847 1160.0
810.0000000013847 1240.0
1789.9999999994675 1250.0
1789.9999999994675 1270.0
800.0000000013824 940.0
800.0000000013824 960.0
1799.9999999994584 970.0
800.0000000013824 980.0
800.0000000013824 1000.0
800.0000000013824 1020.0
800.0000000013824 1040.0
800.0000000013824 1060.0
800.0000000013824 1180.0
800.0000000013824 1220.0
1799.9999999994584 1270.0
790.0000000013802 940.0
790.0000000013802 960.0
790.0000000013802 980.0
790.0000000013802 1000.0
1809.9999999994493 1010.0
790.0000000013802 1020.0
790.0000000013802 1040.0
790.0000000013802 1160.0
790.0000000013802 1180.0
790.0000000013802 1200.0
1809.9999999994493 1230.0
790.0000000013802 1280.0
780.0000000013779 920.0
780.0000000013779 940.0
780.0000000013779 960.0
780.0000000013779 980.0
1819.9999999994402 990.0
780.0000000013779 1000.0
780.0000000013779 1020.0
1819.9999999994402 1030.0
780.0000000013779 1040.0
1819.9999999994402 1050.0
780.0000000013779 1100.0
780.0000000013779 1220.0
1819.9999999994402 1230.0
780.0000000013779 1240.0
780.0000000013779 1260.0
780.0000000013779 1280.0
770.0000000013756 920.0
770.0000000013756 940.0
770.0000000013756 960.0
1829.999999999431 970.0
770.0000000013756 980.0
770.0000000013756 1000.0
770.0000000013756 1020.0
770.0000000013756 1100.0
770.0000000013756 1220.0
770.0000000013756 1240.0
770.0000000013756 1260.0
770.0000000013756 1280.0
1839.999999999422 950.0
760.0000000013733 980.0
760.0000000013733 1000.0
1839.999999999422 1010.0
760.0000000013733 1020.0
1839.999999999422 1030.0
1839.999999999422 1050.0
760.0000000013733 1180.0
760.0000000013733 1200.0
760.0000000013733 1220.0
760.0000000013733 1240.0
760.0000000013733 1260.0
760.0000000013733 1280.0
750.0000000013711 920.0
750.0000000013711 960.0
1849.999999999413 970.0
1849.999999999413 990.0
750.0000000013711 1000.0
1849.999999999413 1010.0
750.0000000013711 1020.0
1849.999999999413 1030.0
1849.999999999413 1050.0
750.0000000013711 1180.0
750.0000000013711 1200.0
750.0000000013711 1220.0
750.0000000013711 1240.0
1849.999999999413 1250.0
750.0000000013711 1260.0
750.0000000013711 1280.0
1859.9999999994038 950.0
1859.9999999994038 970.0
740.0000000013688 1000.0
1859.9999999994038 1010.0
740.0000000013688 1020.0
1859.9999999994038 1030.0
1859.9999999994038 1050.0
740.0000000013688 1180.0
740.0000000013688 1200.0
740.0000000013688 1220.0
740.0000000013688 1240.0
740.0000000013688 1260.0
740.0000000013688 1280.0
730.0000000013665 920.0
1869.9999999993947 950.0
1869.9999999993947 970.0
730.0000000013665 980.0
1869.9999999993947 990.0
730.0000000013665 1000.0
730.0000000013665 1020.0
1869.9999999993947 1050.0
730.0000000013665 1180.0
730.0000000013665 1200.0
1869.9999999993947 1210.0
730.0000000013665 1220.0
1869.9999999993947 1230.0
730.0000000013665 1240.0
730.0000000013665 1260.0
730.0000000013665 1280.0
720.0000000013642 920.0
1879.9999999993856 950.0
720.0000000013642 960.0
720.0000000013642 980.0
720.0000000013642 1000.0
1879.9999999993856 1010.0
720.0000000013642 1020.0
1879.9999999993856 1070.0
720.0000000013642 1180.0
720.0000000013642 1200.0
720.0000000013642 1220.0
1879.9999999993856 1230.0
720.0000000013642 1240.0
720.0000000013642 1260.0
720.0000000013642 1280.0
710.000000001362 980.0
710.000000001362 1000.0
710.000000001362 1020.0
1889.9999999993765 1070.0
710.000000001362 1180.0
710.000000001362 1200.0
710.000000001362 1220.0
1889.9999999993765 1230.0
710.000000001362 1240.0
1889.9999999993765 1250.0
710.000000001362 1260.0
1889.9999999993765 1270.0
710.000000001362 1280.0
1889.9999999993765 1290.0
700.0000000013597 940.0
700.0000000013597 960.0
700.0000000013597 980.0
700.0000000013597 1000.0
700.0000000013597 1020.0
700.0000000013597 1040.0
1899.9999999993674 1090.0
700.0000000013597 1180.0
700.0000000013597 1200.0
1899.9999999993674 1210.0
1899.9999999993674 1230.0
700.0000000013597 1240.0
1899.9999999993674 1250.0
700.0000000013597 1260.0
1899.9999999993674 1270.0
700.0000000013597 1280.0
1899.9999999993674 1310.0
690.0000000013574 960.0
1909.9999999993584 970.0
690.0000000013574 980.0
690.0000000013574 1000.0
690.0000000013574 1020.0
690.0000000013574 1040.0
1909.9999999993584 1050.0
1909.9999999993584 1070.0
1909.9999999993584 1090.0
1909.9999999993584 1110.0
1909.9999999993584 1130.0
690.0000000013574 1180.0
1909.9999999993584 1190.0
690.0000000013574 1200.0
690.0000000013574 1220.0
690.0000000013574 1260.0
690.0000000013574 1280.0
680.0000000013551 940.0
680.0000000013551 960.0
680.0000000013551 1000.0
680.0000000013551 1020.0
1919.9999999993493 1030.0
680.0000000013551 1040.0
1919.9999999993493 1070.0
1919.9999999993493 1090.0
1919.9999999993493 1110.0
1919.9999999993493 1130.0
680.0000000013551 1160.0
680.0000000013551 1180.0
1919.9999999993493 1190.0
680.0000000013551 1200.0
1919.9999999993493 1210.0
680.0000000013551 1220.0
1919.9999999993493 1230.0
680.0000000013551 1260.0
670.0000000013529 940.0
1929.9999999993402 970.0
670.0000000013529 980.0
670.0000000013529 1000.0
1929.9999999993402 1010.0
670.0000000013529 1020.0
1929.9999999993402 1030.0
670.0000000013529 1040.0
670.0000000013529 1060.0
1929.9999999993402 1070.0
1929.9999999993402 1090.0
1929.9999999993402 1110.0
1929.9999999993402 1130.0
670.0000000013529 1140.0
1929.9999999993402 1150.0
670.0000000013529 1160.0
1929.9999999993402 1190.0
670.0000000013529 1200.0
670.0000000013529 1220.0
670.0000000013529 1240.0
660.0000000013506 1000.0
660.0000000013506 1020.0
660.0000000013506 1040.0
1939.999999999331 1050.0
660.0000000013506 1060.0
1939.999999999331 1070.0
660.0000000013506 1080.0
1939.999999999331 1090.0
660.0000000013506 1100.0
660.0000000013506 1120.0
1939.999999999331 1130.0
660.0000000013506 1140.0
660.0000000013506 1160.0
660.0000000013506 1180.0
660.0000000013506 1200.0
1939.999999999331 1210.0
660.0000000013506 1220.0
1939.999999999331 1230.0
650.0000000013483 980.0
650.0000000013483 1000.0
650.0000000013483 1020.0
650.0000000013483 1040.0
1949.999999999322 1050.0
650.0000000013483 1060.0
1949.999999999322 1070.0
650.0000000013483 1080.0
1949.999999999322 1090.0
650.0000000013483 1100.0
650.0000000013483 1120.0
1949.999999999322 1130.0
650.0000000013483 1160.0
650.0000000013483 1180.0
1949.999999999322 1230.0
650.0000000013483 1240.0
640.000000001346 980.0
640.000000001346 1000.0
640.000000001346 1020.0
1959.9999999993129 1030.0
640.000000001346 1040.0
1959.9999999993129 1050.0
640.000000001346 1060.0
640.000000001346 1080.0
640.000000001346 1100.0
640.000000001346 1120.0
1959.9999999993129 1130.0
640.000000001346 1140.0
640.000000001346 1160.0
1959.9999999993129 1170.0
640.000000001346 1180.0
1959.9999999993129 1190.0
640.000000001346 1200.0
640.000000001346 1220.0
640.000000001346 1240.0
630.0000000013438 960.0
630.0000000013438 980.0
630.0000000013438 1000.0
630.0000000013438 1020.0
630.0000000013438 1040.0
630.0000000013438 1060.0
1969.9999999993038 1070.0
630.0000000013438 1080.0
630.0000000013438 1100.0
630.0000000013438 1120.0
1969.9999999993038 1130.0
630.0000000013438 1140.0
630.0000000013438 1160.0
630.0000000013438 1180.0
630.0000000013438 1220.0
630.0000000013438 1240.0
620.0000000013415 960.0
620.0000000013415 980.0
620.0000000013415 1000.0
620.0000000013415 1020.0
620.0000000013415 1040.0
620.0000000013415 1080.0
620.0000000013415 1100.0
620.0000000013415 1120.0
1979.9999999992947 1130.0
1979.9999999992947 1170.0
620.0000000013415 1220.0
620.0000000013415 1240.0
610.0000000013392 980.0
610.0000000013392 1000.0
610.0000000013392 1020.0
1989.9999999992856 1030.0
610.0000000013392 1040.0
1989.9999999992856 1070.0
610.0000000013392 1080.0
1989.9999999992856 1090.0
610.0000000013392 1100.0
610.0000000013392 1120.0
1989.9999999992856 1130.0
1989.9999999992856 1150.0
610.0000000013392 1160.0
610.0000000013392 1220.0
600.000000001337 980.0
600.000000001337 1000.0
600.000000001337 1020.0
600.000000001337 1040.0
1999.9999999992765 1070.0
600.000000001337 1080.0
1999.9999999992765 1090.0
600.000000001337 1100.0
1999.9999999992765 1110.0
600.000000001337 1120.0
1999.9999999992765 1130.0
600.000000001337 1140.0
1999.9999999992765 1150.0
1999.9999999992765 1170.0
590.0000000013347 1000.0
590.0000000013347 1020.0
590.0000000013347 1040.0
2009.9999999992674 1070.0
590.0000000013347 1100.0
2009.9999999992674 1110.0
590.0000000013347 1120.0
2009.9999999992674 1130.0
590.0000000013347 1140.0
2009.9999999992674 1150.0
590.0000000013347 1200.0
580.0000000013324 1000.0
580.0000000013324 1020.0
580.0000000013324 1040.0
580.0000000013324 1060.0
580.0000000013324 1080.0
2019.9999999992583 1110.0
580.0000000013324 1120.0
2019.9999999992583 1130.0
580.0000000013324 1140.0
2019.9999999992583 1150.0
580.0000000013324 1160.0
580.0000000013324 1180.0
580.0000000013324 1200.0
570.0000000013301 1020.0
570.0000000013301 1040.0
570.0000000013301 1120.0
570.0000000013301 1140.0
560.0000000013279 1080.0
560.0000000013279 1120.0
560.0000000013279 1140.0
550.0000000013256 1080.0
550.0000000013256 1120.0
540.0000000013233 280.0
540.0000000013233 340.0
540.0000000013233 1720.0
540.0000000013233 1760.0
2069.999999999213 270.0
530.000000001321 360.0
530.000000001321 1800.0
530.000000001321 1820.0
530.000000001321 1840.0
2079.9999999992037 250.0
520.0000000013188 280.0
2079.9999999992037 290.0
2079.9999999992037 350.0
520.0000000013188 1620.0
520.0000000013188 1640.0
520.0000000013188 1700.0
520.0000000013188 1740.0
520.0000000013188 1820.0
520.0000000013188 1840.0
510.0000000013165 200.0
510.0000000013165 240.0
510.0000000013165 260.0
2089.9999999991946 270.0
510.0000000013165 280.0
2089.9999999991946 290.0
2089.9999999991946 330.0
2089.9999999991946 350.0
2089.9999999991946 370.0
510.0000000013165 380.0
2089.9999999991946 390.0
510.0000000013165 1660.0
510.0000000013165 1720.0
2089.9999999991946 1750.0
2089.9999999991946 1770.0
510.0000000013165 1840.0
510.0000000013165 1860.0
500.0000000013142 180.0
500.0000000013142 200.0
500.0000000013142 220.0
2099.9999999991855 270.0
2099.9999999991855 290.0
2099.9999999991855 310.0
500.0000000013142 340.0
500.0000000013142 380.0
2099.9999999991855 390.0
500.0000000013142 400.0
500.0000000013142 1600.0
500.0000000013142 1640.0
500.0000000013142 1700.0
2099.9999999991855 1710.0
2099.9999999991855 1770.0
500.0000000013142 1800.0
500.0000000013142 1820.0
2099.9999999991855 1830.0
500.0000000013142 1840.0
500.0000000013142 1860.0
490.00000000131195 200.0
2109.9999999991765 290.0
2109.9999999991765 310.0
2109.9999999991765 370.0
490.00000000131195 380.0
490.00000000131195 1600.0
490.00000000131195 1660.0
2109.9999999991765 1670.0
2109.9999999991765 1690.0
2109.9999999991765 1770.0
490.00000000131195 1820.0
490.00000000131195 1860.0
490.00000000131195 1880.0
480.0000000013097 180.0
480.0000000013097 200.0
2119.9999999991674 270.0
2119.9999999991674 310.0
480.0000000013097 320.0
2119.9999999991674 370.0
2119.9999999991674 430.0
2119.9999999991674 1670.0
2119.9999999991674 1690.0
480.0000000013097 1720.0
2119.9999999991674 1750.0
2119.9999999991674 1770.0
2119.9999999991674 1790.0
480.0000000013097 1820.0
480.0000000013097 1840.0
480.0000000013097 1860.0
480.0000000013097 1880.0
470.0000000013074 160.0
470.0000000013074 180.0
470.0000000013074 240.0
2129.9999999991583 290.0
2129.9999999991583 330.0
470.0000000013074 340.0
470.0000000013074 360.0
2129.9999999991583 410.0
470.0000000013074 420.0
470.0000000013074 1600.0
470.0000000013074 1620.0
2129.9999999991583 1650.0
2129.9999999991583 1670.0
470.0000000013074 1680.0
2129.9999999991583 1690.0
470.0000000013074 1720.0
470.0000000013074 1760.0
2129.9999999991583 1770.0
470.0000000013074 1800.0
470.0000000013074 1840.0
2129.9999999991583 1850.0
470.0000000013074 1860.0
2129.9999999991583 1870.0
470.0000000013074 1880.0
2139.999999999149 170.0
460.0000000013051 180.0
460.0000000013051 200.0
460.0000000013051 220.0
460.0000000013051 240.0
460.0000000013051 260.0
460.0000000013051 280.0
2139.999999999149 350.0
2139.999999999149 370.0
460.0000000013051 380.0
2139.999999999149 410.0
460.0000000013051 1580.0
460.0000000013051 1600.0
2139.999999999149 1630.0
460.0000000013051 1640.0
2139.999999999149 1650.0
460.0000000013051 1660.0
2139.999999999149 1670.0
2139.999999999149 1690.0
2139.999999999149 1710.0
2139.999999999149 1770.0
460.0000000013051 1820.0
460.0000000013051 1840.0
2139.999999999149 1850.0
460.0000000013051 1860.0
2139.999999999149 1870.0
460.0000000013051 1900.0
450.00000000130285 180.0
450.00000000130285 200.0
2149.99999999914 270.0
2149.99999999914 310.0
450.00000000130285 340.0
450.00000000130285 400.0
450.00000000130285 420.0
450.00000000130285 460.0
450.00000000130285 1620.0
2149.99999999914 1630.0
2149.99999999914 1650.0
2149.99999999914 1690.0
450.00000000130285 1700.0
2149.99999999914 1710.0
2149.99999999914 1730.0
450.00000000130285 1740.0
2149.99999999914 1750.0
450.00000000130285 1760.0
2149.99999999914 1770.0
450.00000000130285 1780.0
450.00000000130285 1820.0
450.00000000130285 1840.0
2149.99999999914 1850.0
450.00000000130285 1900.0
2159.999999999131 190.0
2159.999999999131 310.0
2159.999999999131 330.0
440.0000000013006 340.0
2159.999999999131 350.0
440.0000000013006 380.0
2159.999999999131 410.0
440.0000000013006 420.0
440.0000000013006 460.0
440.0000000013006 1560.0
2159.999999999131 1630.0
440.0000000013006 1640.0
440.0000000013006 1660.0
440.0000000013006 1800.0
2159.999999999131 1810.0
440.0000000013006 1820.0
440.0000000013006 1840.0
2159.999999999131 1850.0
2159.999999999131 1870.0
2159.999999999131 1890.0
2169.999999999122 190.0
430.0000000012983 200.0
430.0000000012983 220.0
430.0000000012983 240.0
2169.999999999122 270.0
430.0000000012983 280.0
2169.999999999122 290.0
2169.999999999122 310.0
430.0000000012983 340.0
430.0000000012983 360.0
430.0000000012983 380.0
430.0000000012983 420.0
430.0000000012983 440.0
2169.999999999122 470.0
2169.999999999122 1630.0
430.0000000012983 1640.0
2169.999999999122 1670.0
430.0000000012983 1680.0
2169.999999999122 1690.0
2169.999999999122 1710.0
2169.999999999122 1730.0
2169.999999999122 1750.0
430.0000000012983 1800.0
430.0000000012983 1820.0
2169.999999999122 1830.0
2169.999999999122 1850.0
430.0000000012983 1880.0
2179.999999999113 130.0
2179.999999999113 210.0
420.00000000129603 220.0
2179.999999999113 250.0
420.00000000129603 260.0
2179.999999999113 310.0
2179.999999999113 330.0
420.00000000129603 380.0
2179.999999999113 410.0
420.00000000129603 420.0
420.00000000129603 440.0
2179.999999999113 450.0
420.00000000129603 460.0
420.00000000129603 480.0
2179.999999999113 1610.0
420.00000000129603 1640.0
2179.999999999113 1650.0
420.00000000129603 1660.0
2179.999999999113 1690.0
2179.999999999113 1710.0
2179.999999999113 1730.0
420.00000000129603 1800.0
420.00000000129603 1840.0
2179.999999999113 1870.0
420.00000000129603 1880.0
420.00000000129603 1900.0
410.00000000129376 140.0
410.00000000129376 180.0
2189.9999999991037 230.0
2189.9999999991037 370.0
410.00000000129376 380.0
410.00000000129376 420.0
410.00000000129376 440.0
410.00000000129376 1560.0
410.00000000129376 1600.0
410.00000000129376 1660.0
2189.9999999991037 1730.0
2189.9999999991037 1790.0
410.00000000129376 1800.0
2189.9999999991037 1810.0
410.00000000129376 1820.0
2189.9999999991037 1830.0
2189.9999999991037 1850.0
2199.9999999990946 130.0
400.0000000012915 180.0
2199.9999999990946 190.0
400.0000000012915 200.0
2199.9999999990946 230.0
2199.9999999990946 250.0
400.0000000012915 300.0
400.0000000012915 420.0
400.0000000012915 440.0
400.0000000012915 460.0
400.0000000012915 480.0
400.0000000012915 1580.0
2199.9999999990946 1590.0
400.0000000012915 1600.0
2199.9999999990946 1610.0
400.0000000012915 1620.0
400.0000000012915 1640.0
2199.9999999990946 1670.0
2199.9999999990946 1710.0
400.0000000012915 1740.0
2199.9999999990946 1750.0
2199.9999999990946 1790.0
2199.9999999990946 1810.0
400.0000000012915 1820.0
2199.9999999990946 1870.0
2199.9999999990946 1930.0
2209.9999999990855 130.0
2209.9999999990855 170.0
390.0000000012892 180.0
390.0000000012892 200.0
2209.9999999990855 210.0
390.0000000012892 220.0
390.0000000012892 300.0
390.0000000012892 400.0
390.0000000012892 420.0
390.0000000012892 440.0
390.0000000012892 1560.0
2209.9999999990855 1590.0
390.0000000012892 1640.0
390.0000000012892 1660.0
2209.9999999990855 1690.0
2209.9999999990855 1710.0
390.0000000012892 1740.0
390.0000000012892 1820.0
2209.9999999990855 1830.0
390.0000000012892 1860.0
2209.9999999990855 1870.0
390.0000000012892 1880.0
2209.9999999990855 1910.0
2209.9999999990855 1930.0
2219.9999999990764 130.0
380.00000000128694 160.0
380.00000000128694 180.0
380.00000000128694 200.0
2219.9999999990764 210.0
380.00000000128694 220.0
2219.9999999990764 230.0
380.00000000128694 420.0
380.00000000128694 480.0
380.00000000128694 1580.0
380.00000000128694 1600.0
2219.9999999990764 1610.0
2219.9999999990764 1630.0
2219.9999999990764 1690.0
2219.9999999990764 1710.0
380.00000000128694 1820.0
2219.9999999990764 1830.0
380.00000000128694 1840.0
2219.9999999990764 1890.0
2219.9999999990764 1930.0
2229.9999999990673 150.0
2229.9999999990673 190.0
370.00000000128466 200.0
370.00000000128466 220.0
370.00000000128466 380.0
2229.9999999990673 390.0
370.00000000128466 1560.0
370.00000000128466 1580.0
2229.9999999990673 1630.0
2229.9999999990673 1670.0
2229.9999999990673 1770.0
370.00000000128466 1820.0
2229.9999999990673 1930.0
2229.9999999990673 1950.0
360.0000000012824 120.0
2239.999999999058 130.0
2239.999999999058 170.0
360.0000000012824 200.0
2239.999999999058 210.0
360.0000000012824 220.0
360.0000000012824 400.0
2239.999999999058 430.0
2239.999999999058 1590.0
360.0000000012824 1660.0
360.0000000012824 1820.0
2239.999999999058 1850.0
360.0000000012824 1900.0
2239.999999999058 1910.0
2239.999999999058 1930.0
2239.999999999058 1950.0
350.0000000012801 180.0
350.0000000012801 200.0
2249.999999999049 210.0
350.0000000012801 220.0
350.0000000012801 380.0
350.0000000012801 440.0
2249.999999999049 450.0
2249.999999999049 1590.0
2249.999999999049 1610.0
2249.999999999049 1630.0
2249.999999999049 1650.0
2249.999999999049 1770.0
350.0000000012801 1840.0
2249.999999999049 1850.0
2249.999999999049 1890.0
350.0000000012801 1900.0
2249.999999999049 1910.0
2249.999999999049 1930.0
2249.999999999049 1950.0
340.00000000127784 120.0
340.00000000127784 140.0
340.00000000127784 160.0
340.00000000127784 420.0
340.00000000127784 440.0
340.00000000127784 1560.0
2259.99999999904 1610.0
2259.99999999904 1630.0
2259.99999999904 1650.0
2259.99999999904 1670.0
2259.99999999904 1690.0
340.00000000127784 1800.0
340.00000000127784 1820.0
340.00000000127784 1840.0
2259.99999999904 1850.0
340.00000000127784 1880.0
2259.99999999904 1910.0
2259.99999999904 1930.0
2259.99999999904 1950.0
330.00000000127557 120.0
330.00000000127557 140.0
330.00000000127557 160.0
330.00000000127557 180.0
330.00000000127557 220.0
330.00000000127557 380.0
2269.999999999031 430.0
2269.999999999031 470.0
330.00000000127557 480.0
330.00000000127557 1580.0
2269.999999999031 1650.0
2269.999999999031 1670.0
2269.999999999031 1690.0
330.00000000127557 1800.0
330.00000000127557 1820.0
330.00000000127557 1880.0
2269.999999999031 1890.0
2269.999999999031 1910.0
2269.999999999031 1930.0
2269.999999999031 1950.0
320.0000000012733 160.0
2279.999999999022 170.0
320.0000000012733 180.0
320.0000000012733 200.0
320.0000000012733 380.0
320.0000000012733 400.0
320.0000000012733 420.0
320.0000000012733 440.0
320.0000000012733 460.0
320.0000000012733 480.0
320.0000000012733 1580.0
320.0000000012733 1620.0
320.0000000012733 1640.0
2279.999999999022 1650.0
320.0000000012733 1660.0
320.0000000012733 1680.0
320.0000000012733 1800.0
320.0000000012733 1840.0
2279.999999999022 1850.0
320.0000000012733 1860.0
2279.999999999022 1870.0
320.0000000012733 1880.0
2279.999999999022 1890.0
320.0000000012733 1900.0
2279.999999999022 1910.0
2279.999999999022 1930.0
2279.999999999022 1950.0
310.000000001271 120.0
310.000000001271 140.0
310.000000001271 160.0
310.000000001271 220.0
2289.9999999990127 370.0
310.000000001271 380.0
310.000000001271 400.0
2289.9999999990127 410.0
310.000000001271 420.0
310.000000001271 440.0
310.000000001271 460.0
310.000000001271 480.0
310.000000001271 1600.0
310.000000001271 1620.0
310.000000001271 1640.0
310.000000001271 1680.0
2289.9999999990127 1690.0
2289.9999999990127 1770.0
310.000000001271 1780.0
310.000000001271 1800.0
2289.9999999990127 1850.0
310.000000001271 1860.0
2289.9999999990127 1870.0
310.000000001271 1880.0
2289.9999999990127 1890.0
310.000000001271 1900.0
2289.9999999990127 1910.0
2289.9999999990127 1930.0
2289.9999999990127 1950.0
300.00000000126875 140.0
300.00000000126875 180.0
300.00000000126875 200.0
300.00000000126875 240.0
300.00000000126875 360.0
300.00000000126875 380.0
300.00000000126875 400.0
2299.9999999990036 410.0
300.00000000126875 420.0
300.00000000126875 440.0
2299.9999999990036 450.0
300.00000000126875 460.0
300.00000000126875 480.0
300.00000000126875 1620.0
2299.9999999990036 1630.0
300.00000000126875 1660.0
300.00000000126875 1680.0
300.00000000126875 1700.0
300.00000000126875 1720.0
300.00000000126875 1760.0
300.00000000126875 1780.0
300.00000000126875 1800.0
2299.9999999990036 1850.0
300.00000000126875 1860.0
2299.9999999990036 1870.0
300.00000000126875 1880.0
2299.9999999990036 1890.0
300.00000000126875 1900.0
2299.9999999990036 1910.0
2299.9999999990036 1930.0
2299.9999999990036 1950.0
2309.9999999989946 170.0
2309.9999999989946 210.0
290.00000000126647 220.0
2309.9999999989946 230.0
290.00000000126647 340.0
290.00000000126647 360.0
2309.9999999989946 370.0
290.00000000126647 380.0
290.00000000126647 400.0
290.00000000126647 420.0
2309.9999999989946 430.0
290.00000000126647 440.0
2309.9999999989946 450.0
290.00000000126647 460.0
2309.9999999989946 470.0
290.00000000126647 480.0
290.00000000126647 1600.0
2309.9999999989946 1650.0
290.00000000126647 1660.0
290.00000000126647 1700.0
290.00000000126647 1720.0
290.00000000126647 1740.0
290.00000000126647 1760.0
2309.9999999989946 1770.0
290.00000000126647 1780.0
290.00000000126647 1800.0
290.00000000126647 1820.0
290.00000000126647 1840.0
2309.9999999989946 1850.0
290.00000000126647 1860.0
2309.9999999989946 1870.0
290.00000000126647 1880.0
2309.9999999989946 1890.0
290.00000000126647 1900.0
2309.9999999989946 1910.0
2309.9999999989946 1930.0
2309.9999999989946 1950.0
280.0000000012642 140.0
280.0000000012642 160.0
280.0000000012642 180.0
2319.9999999989855 210.0
2319.9999999989855 230.0
280.0000000012642 260.0
280.0000000012642 280.0
280.0000000012642 340.0
2319.9999999989855 350.0
280.0000000012642 360.0
2319.9999999989855 370.0
280.0000000012642 380.0
2319.9999999989855 390.0
280.0000000012642 400.0
2319.9999999989855 410.0
280.0000000012642 420.0
280.0000000012642 440.0
2319.9999999989855 450.0
280.0000000012642 460.0
280.0000000012642 1580.0
280.0000000012642 1620.0
280.0000000012642 1640.0
280.0000000012642 1700.0
280.0000000012642 1720.0
280.0000000012642 1740.0
280.0000000012642 1760.0
2319.9999999989855 1770.0
280.0000000012642 1800.0
280.0000000012642 1820.0
2319.9999999989855 1830.0
280.0000000012642 1840.0
280.0000000012642 1860.0
2319.9999999989855 1870.0
280.0000000012642 1880.0
2319.9999999989855 1890.0
2319.9999999989855 1910.0
2319.9999999989855 1930.0
270.0000000012619 140.0
270.0000000012619 160.0
270.0000000012619 200.0
2329.9999999989764 210.0
2329.9999999989764 230.0
2329.9999999989764 250.0
270.0000000012619 260.0
2329.9999999989764 310.0
270.0000000012619 320.0
270.0000000012619 340.0
270.0000000012619 360.0
2329.9999999989764 370.0
270.0000000012619 380.0
270.0000000012619 400.0
270.0000000012619 420.0
270.0000000012619 440.0
270.0000000012619 460.0
2329.9999999989764 470.0
270.0000000012619 1580.0
2329.9999999989764 1630.0
270.0000000012619 1660.0
2329.9999999989764 1670.0
2329.9999999989764 1710.0
270.0000000012619 1740.0
270.0000000012619 1760.0
270.0000000012619 1780.0
270.0000000012619 1820.0
2329.9999999989764 1830.0
270.0000000012619 1840.0
270.0000000012619 1880.0
2329.9999999989764 1890.0
2329.9999999989764 1910.0
2329.9999999989764 1930.0
260.00000000125965 140.0
260.00000000125965 180.0
2339.9999999989673 190.0
260.00000000125965 200.0
2339.9999999989673 210.0
2339.9999999989673 230.0
260.00000000125965 240.0
2339.9999999989673 250.0
260.00000000125965 260.0
2339.9999999989673 270.0
260.00000000125965 280.0
2339.9999999989673 290.0
2339.9999999989673 310.0
260.00000000125965 340.0
260.00000000125965 360.0
2339.9999999989673 370.0
260.00000000125965 380.0
260.00000000125965 400.0
260.00000000125965 420.0
260.00000000125965 440.0
2339.9999999989673 450.0
260.00000000125965 460.0
260.00000000125965 1620.0
260.00000000125965 1640.0
260.00000000125965 1660.0
2339.9999999989673 1670.0
260.00000000125965 1720.0
260.00000000125965 1740.0
260.00000000125965 1760.0
260.00000000125965 1780.0
260.00000000125965 1800.0
2339.9999999989673 1810.0
2339.9999999989673 1830.0
260.00000000125965 1860.0
2339.9999999989673 1930.0
2349.999999998958 170.0
2349.999999998958 190.0
2349.999999998958 210.0
2349.999999998958 230.0
250.00000000125908 260.0
250.00000000125908 280.0
2349.999999998958 290.0
2349.999999998958 310.0
250.00000000125908 340.0
250.00000000125908 360.0
250.00000000125908 380.0
2349.999999998958 390.0
250.00000000125908 400.0
250.00000000125908 420.0
250.00000000125908 440.0
2349.999999998958 450.0
250.00000000125908 460.0
250.00000000125908 1620.0
250.00000000125908 1680.0
2349.999999998958 1730.0
250.00000000125908 1760.0
2349.999999998958 1770.0
250.00000000125908 1780.0
2349.999999998958 1810.0
250.00000000125908 1840.0
250.00000000125908 1860.0
2349.999999998958 1870.0
2349.999999998958 1910.0
2359.999999998949 170.0
240.00000000125965 180.0
2359.999999998949 190.0
240.00000000125965 220.0
2359.999999998949 230.0
2359.999999998949 250.0
240.00000000125965 260.0
2359.999999998949 270.0
2359.999999998949 290.0
2359.999999998949 310.0
240.00000000125965 320.0
240.00000000125965 340.0
240.00000000125965 360.0
240.00000000125965 380.0
2359.999999998949 390.0
240.00000000125965 400.0
240.00000000125965 420.0
2359.999999998949 430.0
240.00000000125965 440.0
240.00000000125965 1600.0
240.00000000125965 1620.0
2359.999999998949 1690.0
240.00000000125965 1720.0
2359.999999998949 1750.0
240.00000000125965 1780.0
2359.999999998949 1790.0
240.00000000125965 1820.0
2359.999999998949 1890.0
230.00000000126022 160.0
230.00000000126022 180.0
2369.99999999894 190.0
230.00000000126022 220.0
2369.99999999894 230.0
230.00000000126022 240.0
2369.99999999894 250.0
2369.99999999894 270.0
230.00000000126022 280.0
2369.99999999894 290.0
2369.99999999894 310.0
230.00000000126022 320.0
230.00000000126022 340.0
230.00000000126022 360.0
230.00000000126022 380.0
2369.99999999894 390.0
230.00000000126022 400.0
230.00000000126022 420.0
230.00000000126022 440.0
2369.99999999894 450.0
230.00000000126022 1640.0
2369.99999999894 1690.0
2369.99999999894 1710.0
230.00000000126022 1760.0
230.00000000126022 1780.0
2369.99999999894 1810.0
2369.99999999894 1830.0
2369.99999999894 1850.0
2369.99999999894 1870.0
2369.99999999894 1910.0
2379.999999998931 210.0
220.0000000012608 220.0
2379.999999998931 230.0
220.0000000012608 280.0
2379.999999998931 290.0
220.0000000012608 320.0
2379.999999998931 330.0
220.0000000012608 340.0
220.0000000012608 360.0
220.0000000012608 380.0
2379.999999998931 390.0
220.0000000012608 400.0
2379.999999998931 410.0
220.0000000012608 420.0
2379.999999998931 430.0
2379.999999998931 1650.0
2379.999999998931 1690.0
2379.999999998931 1710.0
2379.999999998931 1790.0
220.0000000012608 1800.0
2379.999999998931 1810.0
220.0000000012608 1820.0
2379.999999998931 1850.0
2379.999999998931 1890.0
2389.999999998922 170.0
210.00000000126136 180.0
210.00000000126136 220.0
2389.999999998922 230.0
210.00000000126136 240.0
210.00000000126136 260.0
210.00000000126136 280.0
210.00000000126136 340.0
2389.999999998922 350.0
210.00000000126136 360.0
210.00000000126136 380.0
210.00000000126136 400.0
210.00000000126136 420.0
2389.999999998922 430.0
210.00000000126136 1660.0
2389.999999998922 1670.0
210.00000000126136 1720.0
2389.999999998922 1730.0
210.00000000126136 1760.0
210.00000000126136 1800.0
2389.999999998922 1850.0
2389.999999998922 1870.0
2389.999999998922 1890.0
2389.999999998922 1910.0
200.00000000126192 200.0
2399.9999999989127 210.0
200.00000000126192 220.0
2399.9999999989127 230.0
200.00000000126192 240.0
2399.9999999989127 290.0
2399.9999999989127 310.0
200.00000000126192 320.0
200.00000000126192 340.0
200.00000000126192 360.0
2399.9999999989127 370.0
200.00000000126192 380.0
200.00000000126192 400.0
200.00000000126192 1680.0
200.00000000126192 1720.0
2399.9999999989127 1730.0
200.00000000126192 1800.0
2399.9999999989127 1850.0
190.0000000012625 220.0
2409.9999999989036 230.0
2409.9999999989036 270.0
190.0000000012625 300.0
2409.9999999989036 310.0
190.0000000012625 320.0
2409.9999999989036 330.0
190.0000000012625 340.0
190.0000000012625 360.0
190.0000000012625 380.0
2409.9999999989036 1750.0
2409.9999999989036 1830.0
2409.9999999989036 1890.0
2419.9999999988945 210.0
2419.9999999988945 230.0
180.00000000126306 240.0
180.00000000126306 260.0
180.00000000126306 300.0
2419.9999999988945 310.0
180.00000000126306 320.0
180.00000000126306 340.0
2419.9999999988945 350.0
180.00000000126306 360.0
2419.9999999988945 1650.0
2419.9999999988945 1730.0
2419.9999999988945 1750.0
2419.9999999988945 1850.0
2419.9999999988945 1870.0
170.00000000126363 280.0
170.00000000126363 300.0
170.00000000126363 320.0
170.00000000126363 340.0
2429.9999999988854 1730.0
2429.9999999988854 1750.0
2429.9999999988854 1770.0
2429.9999999988854 1810.0
2429.9999999988854 1830.0
2429.9999999988854 1850.0
2429.9999999988854 1870.0
2439.9999999988763 270.0
2439.9999999988763 1690.0
2439.9999999988763 1790.0
2439.9999999988763 1850.0
2449.999999998867 1790.0
