5.0 68.77278061506128 
10.0 110.82082588801975 
15.0 132.88969214224673 
20.0 141.81232494142566 
25.0 145.7690801068036 
30.0 147.71035447189044 
35.0 148.67525075543526 
40.0 149.43921557402857 
45.0 149.93612227624192 
50.0 150.26016413083033 
55.00000000000001 150.4472749130074 
60.0 150.59249839508342 
65.0 150.7015754760571 
70.0 150.8046990321433 
75.0 150.88464636634623 
80.0 150.96416844877146 
85.0 151.03880013575346 
90.0 151.10216265062704 
95.0 151.16467466194527 
100.0 151.2361169605947 

