5.0 76.98818457544202 
10.0 122.11600671503953 
15.0 137.35855346189135 
20.0 144.48886769849634 
25.0 148.26549246962006 
30.0 150.24745481571705 
35.0 151.05415703416418 
40.0 151.69835209083735 
45.0 152.02440812696074 
50.0 152.19233219412715 
55.00000000000001 152.30171201455192 
60.0 152.40692498467482 
65.0 152.4840117152599 
70.0 152.54630612727323 
75.0 152.6000584961677 
80.0 152.65006069979046 
85.0 152.68922909262827 
90.0 152.73527278846424 
95.0 152.77860803160397 
100.0 152.82402669989463 

