5.0 56.490566607694326 
10.0 105.44833509713318 
15.0 128.815795859719 
20.0 141.40643083773276 
25.0 145.69975662582908 
30.0 147.18039795754999 
35.0 147.85553019219208 
40.0 148.25027363231672 
45.0 148.51998094894782 
50.0 148.73612379558986 
55.00000000000001 148.89241894995675 
60.0 148.99797708436333 
65.0 149.09583827146943 
70.0 149.17437855004576 
75.0 149.26407154817994 
80.0 149.34669592124223 
85.0 149.41926713864675 
90.0 149.4847697309794 
95.0 149.5498010816406 
100.0 149.61608907675904 

