5.0 62.776298888041794 
10.0 107.63329405267214 
15.0 126.37376398528484 
20.0 133.79200525868552 
25.0 137.13524369784608 
30.0 139.2270189930491 
35.0 140.59871216289443 
40.0 141.38093747302273 
45.0 141.97851802004666 
50.0 142.44029218155362 
55.00000000000001 142.8514431742657 
60.0 143.1496655596662 
65.0 143.3906123726802 
70.0 143.5963501227824 
75.0 143.7691503624187 
80.0 143.92004634632647 
85.0 144.0655879566117 
90.0 144.21924225420378 
95.0 144.38490332901003 
100.0 144.51600435588904 

