5.0 88.34283009206929 
10.0 127.54340202301249 
15.0 140.3458443227159 
20.0 146.67648223825947 
25.0 149.91527306804238 
30.0 151.1588943956564 
35.0 151.74541344230937 
40.0 152.03101179607572 
45.0 152.2445198002106 
50.0 152.42964379908994 
55.00000000000001 152.57734110077385 
60.0 152.682587987518 
65.0 152.7556830806983 
70.0 152.82576394323198 
75.0 152.86645605696123 
80.0 152.91141833077316 
85.0 152.95386874571292 
90.0 152.98978832758505 
95.0 153.02545672356993 
100.0 153.05283598527663 

