5.0 73.16623922703009 
10.0 113.47775325798467 
15.0 128.49115796379687 
20.0 136.46549667491723 
25.0 140.6214027972445 
30.0 143.10021471386395 
35.0 144.5528434676289 
40.0 145.3553365341604 
45.0 145.9118480302985 
50.0 146.3609727730892 
55.00000000000001 146.6866221334208 
60.0 146.90837384069425 
65.0 147.10260042346346 
70.0 147.28500283303015 
75.0 147.45073509677036 
80.0 147.60076640920883 
85.0 147.72753705305223 
90.0 147.84209584588316 
95.0 147.95103331047028 
100.0 148.05124802433423 

