5.0 58.28341563665761 
10.0 110.60368108517014 
15.0 131.31204160944395 
20.0 136.83691604411587 
25.0 139.70613654884468 
30.0 141.60054803949262 
35.0 143.083527322431 
40.0 144.0640764657946 
45.0 144.8288642790586 
50.0 145.4276948251176 
55.00000000000001 145.85077611872458 
60.0 146.23317002535657 
65.0 146.5563055385105 
70.0 146.8291305067742 
75.0 147.05789154142602 
80.0 147.27213342553904 
85.0 147.47253146844065 
90.0 147.65570912349395 
95.0 147.82115990870338 
100.0 147.98019525530265 

