2340.0000000002365 1740.0
2340.0000000002365 1760.0
2340.0000000002365 1780.0
2330.0000000002456 1720.0
2330.0000000002456 1740.0
2320.0000000002547 1720.0
2310.0000000002638 260.0
289.99999999999744 290.0
289.99999999999744 330.0
2310.0000000002638 340.0
299.9999999999997 270.0
2300.000000000273 300.0
299.9999999999997 330.0
2300.000000000273 340.0
299.9999999999997 350.0
2300.000000000273 1700.0
299.9999999999997 1730.0
2300.000000000273 1760.0
2300.000000000273 1780.0
2300.000000000273 1820.0
2290.000000000282 240.0
2290.000000000282 260.0
2290.000000000282 300.0
2290.000000000282 320.0
310.000000000002 330.0
2290.000000000282 340.0
310.000000000002 350.0
2290.000000000282 360.0
2290.000000000282 1700.0
310.000000000002 1710.0
310.000000000002 1730.0
310.000000000002 1750.0
310.000000000002 1770.0
2290.000000000282 1780.0
2290.000000000282 1800.0
2290.000000000282 1820.0
2280.000000000291 240.0
2280.000000000291 260.0
320.00000000000426 270.0
2280.000000000291 280.0
320.00000000000426 290.0
2280.000000000291 300.0
320.00000000000426 310.0
2280.000000000291 320.0
320.00000000000426 330.0
2280.000000000291 340.0
320.00000000000426 350.0
2280.000000000291 360.0
320.00000000000426 1690.0
320.00000000000426 1710.0
320.00000000000426 1730.0
2280.000000000291 1740.0
320.00000000000426 1750.0
320.00000000000426 1770.0
2280.000000000291 1780.0
2280.000000000291 1800.0
2280.000000000291 1820.0
2270.0000000003 240.0
330.00000000000654 270.0
2270.0000000003 280.0
330.00000000000654 290.0
330.00000000000654 310.0
2270.0000000003 320.0
330.00000000000654 330.0
2270.0000000003 340.0
330.00000000000654 350.0
2270.0000000003 360.0
330.00000000000654 370.0
330.00000000000654 1690.0
2270.0000000003 1700.0
330.00000000000654 1710.0
2270.0000000003 1720.0
330.00000000000654 1730.0
2270.0000000003 1740.0
330.00000000000654 1750.0
330.00000000000654 1770.0
340.0000000000088 230.0
2260.0000000003092 260.0
2260.0000000003092 280.0
340.0000000000088 310.0
2260.0000000003092 320.0
340.0000000000088 330.0
2260.0000000003092 340.0
340.0000000000088 350.0
2260.0000000003092 360.0
340.0000000000088 1690.0
2260.0000000003092 1700.0
340.0000000000088 1710.0
340.0000000000088 1730.0
340.0000000000088 1750.0
340.0000000000088 1770.0
350.0000000000111 230.0
350.0000000000111 250.0
2250.0000000003183 260.0
2250.0000000003183 280.0
2250.0000000003183 320.0
2250.0000000003183 340.0
2250.0000000003183 360.0
350.0000000000111 370.0
350.0000000000111 1710.0
350.0000000000111 1730.0
2250.0000000003183 1740.0
350.0000000000111 1750.0
2250.0000000003183 1780.0
350.0000000000111 1790.0
2250.0000000003183 1800.0
360.00000000001336 230.0
360.00000000001336 250.0
2240.0000000003274 260.0
360.00000000001336 270.0
2240.0000000003274 280.0
2240.0000000003274 300.0
2240.0000000003274 320.0
2240.0000000003274 340.0
360.00000000001336 1690.0
360.00000000001336 1710.0
2240.0000000003274 1740.0
360.00000000001336 1750.0
2240.0000000003274 1760.0
2240.0000000003274 1780.0
360.00000000001336 1790.0
2240.0000000003274 1800.0
370.00000000001563 230.0
2230.0000000003365 240.0
370.00000000001563 250.0
2230.0000000003365 260.0
2230.0000000003365 280.0
370.00000000001563 290.0
2230.0000000003365 300.0
2230.0000000003365 320.0
370.00000000001563 370.0
370.00000000001563 1670.0
370.00000000001563 1710.0
2230.0000000003365 1740.0
370.00000000001563 1750.0
370.00000000001563 1770.0
2220.0000000003456 240.0
2220.0000000003456 260.0
380.0000000000179 270.0
2220.0000000003456 280.0
2220.0000000003456 300.0
2220.0000000003456 320.0
2220.0000000003456 340.0
380.0000000000179 370.0
380.0000000000179 1670.0
380.0000000000179 1690.0
380.0000000000179 1710.0
2220.0000000003456 1720.0
380.0000000000179 1750.0
380.0000000000179 1770.0
2220.0000000003456 1780.0
380.0000000000179 1790.0
2220.0000000003456 1800.0
2210.0000000003547 260.0
2210.0000000003547 280.0
2210.0000000003547 300.0
390.0000000000202 310.0
2210.0000000003547 340.0
390.0000000000202 1670.0
390.0000000000202 1690.0
390.0000000000202 1710.0
390.0000000000202 1730.0
390.0000000000202 1750.0
2210.0000000003547 1760.0
390.0000000000202 1770.0
390.0000000000202 1790.0
2200.000000000364 260.0
2200.000000000364 300.0
2200.000000000364 340.0
400.00000000002245 1690.0
400.00000000002245 1730.0
2200.000000000364 1760.0
400.00000000002245 1770.0
400.00000000002245 1790.0
410.0000000000247 270.0
410.0000000000247 290.0
2190.000000000373 300.0
410.0000000000247 310.0
410.0000000000247 330.0
410.0000000000247 1690.0
410.0000000000247 1770.0
410.0000000000247 1790.0
420.000000000027 1730.0
420.000000000027 1750.0
420.000000000027 1790.0
430.0000000000293 1690.0
430.0000000000293 1710.0
430.0000000000293 1730.0
430.0000000000293 1770.0
440.00000000003155 1710.0
440.00000000003155 1730.0
670.0000000000838 1090.0
670.0000000000838 1110.0
670.0000000000838 1130.0
680.0000000000861 1070.0
680.0000000000861 1090.0
680.0000000000861 1110.0
680.0000000000861 1130.0
680.0000000000861 1150.0
690.0000000000883 1050.0
690.0000000000883 1070.0
690.0000000000883 1090.0
690.0000000000883 1110.0
690.0000000000883 1130.0
690.0000000000883 1150.0
700.0000000000906 1050.0
700.0000000000906 1070.0
700.0000000000906 1090.0
1900.0000000006366 1100.0
700.0000000000906 1110.0
1900.0000000006366 1120.0
700.0000000000906 1130.0
1900.0000000006366 1140.0
700.0000000000906 1150.0
1900.0000000006366 1160.0
710.0000000000929 1050.0
710.0000000000929 1070.0
710.0000000000929 1090.0
1890.0000000006457 1100.0
710.0000000000929 1110.0
1890.0000000006457 1120.0
710.0000000000929 1130.0
710.0000000000929 1150.0
710.0000000000929 1170.0
720.0000000000952 1050.0
720.0000000000952 1070.0
720.0000000000952 1090.0
1880.0000000006548 1100.0
720.0000000000952 1110.0
1880.0000000006548 1120.0
720.0000000000952 1130.0
720.0000000000952 1150.0
720.0000000000952 1170.0
730.0000000000974 1050.0
730.0000000000974 1070.0
730.0000000000974 1090.0
1870.000000000664 1100.0
1870.000000000664 1120.0
730.0000000000974 1130.0
1870.000000000664 1140.0
730.0000000000974 1150.0
1870.000000000664 1160.0
730.0000000000974 1170.0
1870.000000000664 1180.0
740.0000000000997 1050.0
740.0000000000997 1070.0
1860.000000000673 1080.0
1860.000000000673 1100.0
1860.000000000673 1120.0
740.0000000000997 1130.0
1860.000000000673 1140.0
740.0000000000997 1150.0
1860.000000000673 1160.0
740.0000000000997 1170.0
750.000000000102 1050.0
750.000000000102 1070.0
1850.0000000006821 1080.0
750.000000000102 1090.0
1850.0000000006821 1100.0
1850.0000000006821 1120.0
750.000000000102 1130.0
1850.0000000006821 1140.0
750.000000000102 1150.0
1850.0000000006821 1160.0
750.000000000102 1170.0
760.0000000001043 1050.0
760.0000000001043 1070.0
760.0000000001043 1090.0
1840.0000000006912 1100.0
760.0000000001043 1110.0
760.0000000001043 1130.0
760.0000000001043 1150.0
1840.0000000006912 1160.0
1840.0000000006912 1180.0
770.0000000001065 1050.0
770.0000000001065 1070.0
770.0000000001065 1090.0
770.0000000001065 1150.0
1830.0000000007003 1200.0
780.0000000001088 1050.0
780.0000000001088 1070.0
1820.0000000007094 1080.0
780.0000000001088 1090.0
780.0000000001088 1110.0
1820.0000000007094 1120.0
1820.0000000007094 1140.0
780.0000000001088 1150.0
1820.0000000007094 1160.0
1820.0000000007094 1180.0
790.0000000001111 1070.0
790.0000000001111 1090.0
790.0000000001111 1110.0
1810.0000000007185 1120.0
1810.0000000007185 1140.0
790.0000000001111 1150.0
1810.0000000007185 1160.0
800.0000000001133 1070.0
800.0000000001133 1090.0
1800.0000000007276 1100.0
1800.0000000007276 1120.0
1800.0000000007276 1140.0
1800.0000000007276 1160.0
1800.0000000007276 1180.0
1790.0000000007367 1080.0
810.0000000001156 1090.0
1790.0000000007367 1120.0
1790.0000000007367 1140.0
1780.0000000007458 1140.0
1780.0000000007458 1160.0
1780.0000000007458 1180.0
1770.0000000007549 1120.0
1770.0000000007549 1140.0
1400.0000000010914 540.0
1400.0000000010914 560.0
1400.0000000010914 580.0
1390.0000000011005 520.0
1390.0000000011005 540.0
1390.0000000011005 560.0
1390.0000000011005 580.0
1390.0000000011005 600.0
1380.0000000011096 500.0
1380.0000000011096 520.0
1380.0000000011096 540.0
1380.0000000011096 560.0
1380.0000000011096 580.0
1380.0000000011096 600.0
1219.999999999986 1550.0
1219.999999999986 1570.0
1370.0000000011187 500.0
1370.0000000011187 520.0
1370.0000000011187 540.0
1370.0000000011187 560.0
1370.0000000011187 580.0
1229.9999999999768 1550.0
1229.9999999999768 1590.0
1360.0000000011278 520.0
1360.0000000011278 540.0
1360.0000000011278 580.0
1360.0000000011278 600.0
1360.0000000011278 620.0
1239.9999999999677 1510.0
1239.9999999999677 1550.0
1350.0000000011369 520.0
1350.0000000011369 540.0
1350.0000000011369 580.0
1350.0000000011369 600.0
1350.0000000011369 620.0
1249.9999999999586 1490.0
1249.9999999999586 1550.0
1350.0000000011369 1560.0
1249.9999999999586 1570.0
1350.0000000011369 1580.0
1340.000000001146 520.0
1340.000000001146 580.0
1340.000000001146 600.0
1259.9999999999495 1490.0
1340.000000001146 1500.0
1259.9999999999495 1510.0
1340.000000001146 1520.0
1259.9999999999495 1550.0
1340.000000001146 1560.0
1259.9999999999495 1570.0
1269.9999999999404 570.0
1330.000000001155 580.0
1269.9999999999404 590.0
1330.000000001155 600.0
1330.000000001155 620.0
1330.000000001155 1500.0
1269.9999999999404 1510.0
1330.000000001155 1520.0
1269.9999999999404 1530.0
1330.000000001155 1560.0
1269.9999999999404 1570.0
1269.9999999999404 1590.0
1330.000000001155 1600.0
1269.9999999999404 1610.0
1279.9999999999313 510.0
1320.0000000011642 520.0
1279.9999999999313 530.0
1320.0000000011642 540.0
1279.9999999999313 570.0
1320.0000000011642 580.0
1279.9999999999313 590.0
1320.0000000011642 600.0
1320.0000000011642 1560.0
1279.9999999999313 1570.0
1320.0000000011642 1580.0
1279.9999999999313 1590.0
1279.9999999999313 1610.0
1310.0000000011732 500.0
1310.0000000011732 520.0
1310.0000000011732 540.0
1310.0000000011732 560.0
1310.0000000011732 580.0
1310.0000000011732 600.0
1289.9999999999222 610.0
1310.0000000011732 1480.0
1310.0000000011732 1520.0
1289.9999999999222 1530.0
1310.0000000011732 1540.0
1310.0000000011732 1560.0
1289.9999999999222 1610.0
1299.9999999999131 490.0
1300.0000000011823 500.0
1299.9999999999131 510.0
1300.0000000011823 520.0
1299.9999999999131 530.0
1300.0000000011823 540.0
1299.9999999999131 550.0
1300.0000000011823 560.0
1299.9999999999131 570.0
1299.9999999999131 1510.0
1300.0000000011823 1540.0
1300.0000000011823 1560.0
1300.0000000011823 1600.0
1300.0000000011823 1620.0
1309.999999999904 490.0
1290.0000000011914 500.0
1309.999999999904 510.0
1309.999999999904 530.0
1290.0000000011914 540.0
1290.0000000011914 560.0
1309.999999999904 570.0
1290.0000000011914 580.0
1290.0000000011914 600.0
1309.999999999904 610.0
1290.0000000011914 1500.0
1309.999999999904 1510.0
1290.0000000011914 1520.0
1309.999999999904 1530.0
1309.999999999904 1550.0
1309.999999999904 1590.0
1309.999999999904 1610.0
1290.0000000011914 1620.0
1319.999999999895 490.0
1319.999999999895 510.0
1319.999999999895 530.0
1319.999999999895 570.0
1280.0000000012005 600.0
1319.999999999895 610.0
1280.0000000012005 1500.0
1319.999999999895 1510.0
1280.0000000012005 1520.0
1319.999999999895 1550.0
1319.999999999895 1570.0
1280.0000000012005 1580.0
1280.0000000012005 1600.0
1319.999999999895 1610.0
1280.0000000012005 1620.0
1329.9999999998859 530.0
1270.0000000012096 540.0
1329.9999999998859 570.0
1270.0000000012096 580.0
1329.9999999998859 590.0
1329.9999999998859 1510.0
1329.9999999998859 1530.0
1270.0000000012096 1540.0
1329.9999999998859 1550.0
1270.0000000012096 1560.0
1329.9999999998859 1570.0
1270.0000000012096 1580.0
1329.9999999998859 1590.0
1270.0000000012096 1600.0
1339.9999999998768 530.0
1339.9999999998768 570.0
1339.9999999998768 590.0
1260.0000000012187 1480.0
1260.0000000012187 1500.0
1260.0000000012187 1520.0
1339.9999999998768 1530.0
1260.0000000012187 1540.0
1339.9999999998768 1550.0
1260.0000000012187 1560.0
1339.9999999998768 1570.0
1349.9999999998677 490.0
1349.9999999998677 510.0
1349.9999999998677 530.0
1349.9999999998677 570.0
1349.9999999998677 590.0
1349.9999999998677 610.0
1250.0000000012278 1520.0
1250.0000000012278 1540.0
1349.9999999998677 1550.0
1250.0000000012278 1560.0
1349.9999999998677 1570.0
1359.9999999998586 490.0
1359.9999999998586 510.0
1359.9999999998586 530.0
1359.9999999998586 610.0
1240.000000001237 1520.0
1240.000000001237 1540.0
1369.9999999998495 490.0
1369.9999999998495 510.0
1369.9999999998495 530.0
1369.9999999998495 550.0
1369.9999999998495 570.0
1369.9999999998495 590.0
1230.000000001246 1580.0
1379.9999999998404 510.0
1379.9999999998404 530.0
1379.9999999998404 550.0
1379.9999999998404 570.0
1220.000000001255 1580.0
1389.9999999998313 510.0
1389.9999999998313 530.0
1389.9999999998313 550.0
1389.9999999998313 570.0
1389.9999999998313 590.0
1399.9999999998222 530.0
1399.9999999998222 550.0
1399.9999999998222 570.0
1769.9999999994857 1130.0
1769.9999999994857 1150.0
1779.9999999994766 1090.0
1779.9999999994766 1130.0
1779.9999999994766 1150.0
1779.9999999994766 1170.0
1789.9999999994675 1110.0
810.0000000013847 1120.0
1789.9999999994675 1130.0
1789.9999999994675 1150.0
1789.9999999994675 1170.0
800.0000000013824 1080.0
1799.9999999994584 1090.0
1799.9999999994584 1110.0
1799.9999999994584 1130.0
1799.9999999994584 1150.0
1799.9999999994584 1170.0
790.0000000013802 1060.0
790.0000000013802 1080.0
1809.9999999994493 1090.0
790.0000000013802 1120.0
1809.9999999994493 1130.0
790.0000000013802 1140.0
1809.9999999994493 1150.0
1809.9999999994493 1170.0
780.0000000013779 1060.0
780.0000000013779 1080.0
780.0000000013779 1120.0
1819.9999999994402 1150.0
780.0000000013779 1160.0
1819.9999999994402 1190.0
770.0000000013756 1040.0
770.0000000013756 1060.0
770.0000000013756 1080.0
1829.999999999431 1110.0
770.0000000013756 1140.0
1829.999999999431 1150.0
770.0000000013756 1160.0
760.0000000013733 1040.0
760.0000000013733 1060.0
760.0000000013733 1080.0
1839.999999999422 1090.0
760.0000000013733 1100.0
1839.999999999422 1110.0
760.0000000013733 1120.0
760.0000000013733 1140.0
1839.999999999422 1150.0
760.0000000013733 1160.0
750.0000000013711 1040.0
750.0000000013711 1060.0
1849.999999999413 1070.0
750.0000000013711 1080.0
1849.999999999413 1090.0
1849.999999999413 1110.0
750.0000000013711 1120.0
750.0000000013711 1140.0
1849.999999999413 1150.0
750.0000000013711 1160.0
1849.999999999413 1170.0
740.0000000013688 1040.0
740.0000000013688 1060.0
740.0000000013688 1080.0
1859.9999999994038 1090.0
1859.9999999994038 1110.0
1859.9999999994038 1130.0
740.0000000013688 1140.0
740.0000000013688 1160.0
1859.9999999994038 1190.0
730.0000000013665 1040.0
730.0000000013665 1060.0
730.0000000013665 1080.0
1869.9999999993947 1090.0
1869.9999999993947 1110.0
730.0000000013665 1120.0
1869.9999999993947 1130.0
730.0000000013665 1140.0
1869.9999999993947 1150.0
730.0000000013665 1160.0
1869.9999999993947 1190.0
720.0000000013642 1040.0
720.0000000013642 1060.0
720.0000000013642 1080.0
1879.9999999993856 1090.0
720.0000000013642 1100.0
1879.9999999993856 1110.0
720.0000000013642 1120.0
1879.9999999993856 1130.0
720.0000000013642 1140.0
720.0000000013642 1160.0
710.000000001362 1040.0
710.000000001362 1060.0
710.000000001362 1080.0
1889.9999999993765 1090.0
710.000000001362 1100.0
1889.9999999993765 1110.0
710.000000001362 1120.0
1889.9999999993765 1130.0
710.000000001362 1140.0
710.000000001362 1160.0
1889.9999999993765 1170.0
700.0000000013597 1060.0
700.0000000013597 1080.0
700.0000000013597 1100.0
1899.9999999993674 1110.0
700.0000000013597 1120.0
1899.9999999993674 1130.0
700.0000000013597 1140.0
1899.9999999993674 1150.0
700.0000000013597 1160.0
690.0000000013574 1060.0
690.0000000013574 1080.0
690.0000000013574 1100.0
690.0000000013574 1120.0
690.0000000013574 1140.0
690.0000000013574 1160.0
680.0000000013551 1060.0
680.0000000013551 1080.0
680.0000000013551 1100.0
680.0000000013551 1120.0
680.0000000013551 1140.0
670.0000000013529 1080.0
670.0000000013529 1100.0
670.0000000013529 1120.0
440.0000000013006 1720.0
440.0000000013006 1740.0
430.0000000012983 1720.0
420.00000000129603 300.0
420.00000000129603 1700.0
420.00000000129603 1720.0
420.00000000129603 1740.0
420.00000000129603 1780.0
410.00000000129376 260.0
410.00000000129376 280.0
410.00000000129376 300.0
410.00000000129376 320.0
2189.9999999991037 330.0
410.00000000129376 1740.0
410.00000000129376 1780.0
400.0000000012915 260.0
2199.9999999990946 270.0
400.0000000012915 320.0
2199.9999999990946 330.0
2199.9999999990946 350.0
400.0000000012915 1680.0
400.0000000012915 1760.0
2199.9999999990946 1770.0
400.0000000012915 1780.0
400.0000000012915 1800.0
2209.9999999990855 250.0
2209.9999999990855 270.0
390.0000000012892 280.0
2209.9999999990855 330.0
390.0000000012892 1680.0
390.0000000012892 1700.0
390.0000000012892 1720.0
390.0000000012892 1760.0
2209.9999999990855 1770.0
390.0000000012892 1780.0
2209.9999999990855 1790.0
390.0000000012892 1800.0
380.00000000128694 240.0
2219.9999999990764 250.0
380.00000000128694 260.0
2219.9999999990764 270.0
2219.9999999990764 290.0
380.00000000128694 300.0
2219.9999999990764 310.0
380.00000000128694 320.0
380.00000000128694 1680.0
380.00000000128694 1700.0
2219.9999999990764 1750.0
380.00000000128694 1760.0
2219.9999999990764 1770.0
380.00000000128694 1780.0
2219.9999999990764 1790.0
380.00000000128694 1800.0
2219.9999999990764 1810.0
370.00000000128466 240.0
2229.9999999990673 250.0
370.00000000128466 260.0
2229.9999999990673 270.0
370.00000000128466 280.0
2229.9999999990673 290.0
2229.9999999990673 310.0
370.00000000128466 320.0
370.00000000128466 340.0
2229.9999999990673 350.0
370.00000000128466 1660.0
2229.9999999990673 1730.0
2229.9999999990673 1750.0
370.00000000128466 1760.0
370.00000000128466 1780.0
2239.999999999058 230.0
360.0000000012824 240.0
2239.999999999058 250.0
360.0000000012824 260.0
2239.999999999058 270.0
360.0000000012824 280.0
2239.999999999058 290.0
2239.999999999058 310.0
360.0000000012824 320.0
2239.999999999058 330.0
360.0000000012824 340.0
2239.999999999058 370.0
360.0000000012824 1700.0
360.0000000012824 1720.0
2239.999999999058 1730.0
360.0000000012824 1760.0
2239.999999999058 1770.0
360.0000000012824 1780.0
2239.999999999058 1790.0
2239.999999999058 1810.0
2249.999999999049 230.0
350.0000000012801 240.0
2249.999999999049 250.0
2249.999999999049 270.0
350.0000000012801 280.0
350.0000000012801 320.0
2249.999999999049 330.0
350.0000000012801 340.0
2249.999999999049 350.0
2249.999999999049 370.0
350.0000000012801 1680.0
350.0000000012801 1700.0
2249.999999999049 1710.0
350.0000000012801 1720.0
350.0000000012801 1740.0
350.0000000012801 1760.0
350.0000000012801 1780.0
2249.999999999049 1790.0
2259.99999999904 250.0
2259.99999999904 270.0
340.00000000127784 320.0
2259.99999999904 330.0
340.00000000127784 340.0
2259.99999999904 370.0
340.00000000127784 1680.0
340.00000000127784 1700.0
340.00000000127784 1720.0
340.00000000127784 1740.0
340.00000000127784 1760.0
330.00000000127557 240.0
330.00000000127557 260.0
2269.999999999031 270.0
330.00000000127557 280.0
2269.999999999031 290.0
330.00000000127557 300.0
2269.999999999031 310.0
330.00000000127557 320.0
2269.999999999031 330.0
330.00000000127557 340.0
2269.999999999031 350.0
330.00000000127557 360.0
2269.999999999031 370.0
330.00000000127557 1700.0
2269.999999999031 1710.0
330.00000000127557 1720.0
2269.999999999031 1730.0
330.00000000127557 1740.0
330.00000000127557 1760.0
330.00000000127557 1780.0
2269.999999999031 1790.0
320.0000000012733 260.0
2279.999999999022 270.0
320.0000000012733 280.0
2279.999999999022 290.0
320.0000000012733 300.0
2279.999999999022 310.0
320.0000000012733 320.0
2279.999999999022 330.0
320.0000000012733 340.0
2279.999999999022 350.0
320.0000000012733 360.0
2279.999999999022 370.0
320.0000000012733 1700.0
2279.999999999022 1710.0
320.0000000012733 1720.0
320.0000000012733 1740.0
2279.999999999022 1750.0
320.0000000012733 1760.0
320.0000000012733 1780.0
2279.999999999022 1790.0
2279.999999999022 1810.0
2279.999999999022 1830.0
310.000000001271 260.0
2289.9999999990127 270.0
310.000000001271 280.0
310.000000001271 300.0
2289.9999999990127 310.0
310.000000001271 320.0
2289.9999999990127 330.0
310.000000001271 340.0
2289.9999999990127 350.0
310.000000001271 360.0
310.000000001271 1700.0
310.000000001271 1720.0
2289.9999999990127 1730.0
310.000000001271 1740.0
2289.9999999990127 1750.0
310.000000001271 1760.0
2289.9999999990127 1790.0
2289.9999999990127 1810.0
2289.9999999990127 1830.0
300.00000000126875 260.0
300.00000000126875 320.0
300.00000000126875 340.0
2299.9999999990036 350.0
2299.9999999990036 1710.0
300.00000000126875 1740.0
2299.9999999990036 1750.0
2299.9999999990036 1770.0
2299.9999999990036 1790.0
2299.9999999990036 1830.0
2309.9999999989946 270.0
290.00000000126647 320.0
2319.9999999989855 1730.0
2319.9999999989855 1750.0
2329.9999999989764 1810.0
2339.9999999989673 1750.0
2339.9999999989673 1770.0
2339.9999999989673 1790.0
