2280.000000000291 1760.0
2270.0000000003 300.0
2270.0000000003 1760.0
2270.0000000003 1780.0
2260.0000000003092 300.0
2260.0000000003092 1760.0
350.0000000000111 290.0
2250.0000000003183 300.0
350.0000000000111 310.0
360.00000000001336 290.0
360.00000000001336 310.0
360.00000000001336 1730.0
370.00000000001563 1730.0
380.0000000000179 1730.0
730.0000000000974 1110.0
740.0000000000997 1090.0
740.0000000000997 1110.0
750.000000000102 1110.0
1840.0000000006912 1120.0
1840.0000000006912 1140.0
1830.0000000007003 1120.0
1830.0000000007003 1140.0
1340.000000001146 560.0
1330.000000001155 540.0
1330.000000001155 560.0
1269.9999999999404 1550.0
1320.0000000011642 560.0
1279.9999999999313 1550.0
1289.9999999999222 1550.0
1299.9999999999131 1550.0
1290.0000000011914 1560.0
1319.999999999895 550.0
1280.0000000012005 1560.0
1329.9999999998859 550.0
1339.9999999998768 550.0
1819.9999999994402 1130.0
1829.999999999431 1130.0
1839.999999999422 1130.0
750.0000000013711 1100.0
1849.999999999413 1130.0
740.0000000013688 1100.0
740.0000000013688 1120.0
730.0000000013665 1100.0
380.00000000128694 1740.0
370.00000000128466 300.0
370.00000000128466 1720.0
370.00000000128466 1740.0
360.0000000012824 300.0
360.0000000012824 1740.0
2249.999999999049 290.0
350.0000000012801 300.0
2249.999999999049 310.0
2259.99999999904 290.0
340.00000000127784 300.0
2259.99999999904 310.0
2259.99999999904 1770.0
2269.999999999031 1750.0
2269.999999999031 1770.0
2279.999999999022 1770.0
