50.00000000000044 670.0
2540.0000000000546 2000.0
2520.0000000000728 2040.0
79.99999999999973 2070.0
149.99999999999577 10.0
159.9999999999952 30.0
169.99999999999463 50.0
2270.0000000003 20.0
2270.0000000003 40.0
2270.0000000003 120.0
380.0000000000179 490.0
390.0000000000202 1290.0
430.0000000000293 1270.0
510.00000000004746 2050.0
590.0000000000656 1770.0
620.0000000000724 1750.0
1900.0000000006366 640.0
700.0000000000906 1490.0
1890.0000000006457 680.0
710.0000000000929 1850.0
1870.000000000664 640.0
1860.000000000673 520.0
1840.0000000006912 460.0
770.0000000001065 1790.0
1820.0000000007094 660.0
1810.0000000007185 380.0
1810.0000000007185 640.0
790.0000000001111 1770.0
1800.0000000007276 460.0
1780.0000000007458 360.0
1770.0000000007549 320.0
1760.000000000764 400.0
1760.000000000764 520.0
850.0000000001247 1570.0
850.0000000001247 1750.0
1730.0000000007913 1440.0
870.0000000001293 1590.0
870.0000000001293 1690.0
1720.0000000008004 420.0
1700.0000000008185 240.0
1700.0000000008185 1700.0
1690.0000000008276 200.0
1680.0000000008367 180.0
1680.0000000008367 260.0
1680.0000000008367 320.0
920.0000000001406 2050.0
930.0000000001429 1590.0
940.0000000001452 1610.0
940.0000000001452 2030.0
1650.000000000864 140.0
1650.000000000864 320.0
960.0000000001497 90.0
1640.0000000008731 1640.0
960.0000000001497 2010.0
1630.0000000008822 140.0
1630.0000000008822 200.0
970.000000000152 1190.0
1620.0000000008913 120.0
980.0000000001543 1270.0
1620.0000000008913 1540.0
1610.0000000009004 100.0
990.0000000001565 390.0
990.0000000001565 1130.0
1610.0000000009004 1640.0
1000.0000000001588 250.0
1600.0000000009095 320.0
1000.0000000001588 1170.0
1000.0000000001588 1290.0
1600.0000000009095 1520.0
1000.0000000001588 1970.0
1590.0000000009186 100.0
1010.0000000001611 310.0
1010.0000000001611 1170.0
1580.0000000009277 80.0
1580.0000000009277 160.0
1020.0000000001634 1190.0
1580.0000000009277 1500.0
1580.0000000009277 1580.0
1020.0000000001634 1790.0
1030.0000000001587 1150.0
1030.0000000001587 1170.0
1030.0000000001587 1890.0
1560.0000000009459 200.0
1040.0000000001496 1130.0
1560.0000000009459 1300.0
1560.0000000009459 1480.0
1040.0000000001496 1830.0
1550.000000000955 80.0
1550.000000000955 160.0
1050.0000000001405 1950.0
1540.000000000964 120.0
1540.000000000964 140.0
1060.0000000001314 930.0
1060.0000000001314 1110.0
1540.000000000964 1540.0
1530.0000000009732 100.0
1070.0000000001223 1110.0
1520.0000000009823 80.0
1520.0000000009823 140.0
1080.0000000001132 1090.0
1080.0000000001132 1110.0
1080.0000000001132 1230.0
1520.0000000009823 1520.0
1510.0000000009913 60.0
1510.0000000009913 140.0
1090.0000000001041 1090.0
1090.0000000001041 1110.0
1510.0000000009913 1520.0
1490.0000000010095 60.0
1140.0000000000587 1110.0
1140.0000000000587 1150.0
1440.000000001055 1080.0
1160.0000000000405 1130.0
1160.0000000000405 1170.0
1160.0000000000405 1190.0
1170.0000000000314 1190.0
1420.0000000010732 1200.0
1390.0000000011005 1020.0
1380.0000000011096 1040.0
1370.0000000011187 1120.0
1370.0000000011187 1180.0
1360.0000000011278 980.0
1289.9999999999222 130.0
1289.9999999999222 150.0
1289.9999999999222 170.0
1289.9999999999222 190.0
1289.9999999999222 210.0
1289.9999999999222 230.0
1310.0000000011732 1020.0
1250.0000000012278 1180.0
1379.9999999998404 1030.0
1379.9999999998404 1070.0
1379.9999999998404 1090.0
1389.9999999998313 1170.0
1389.9999999998313 1190.0
1429.999999999795 1130.0
1439.9999999997858 1110.0
1449.9999999997767 1090.0
1150.0000000013188 1100.0
1449.9999999997767 1110.0
1150.0000000013188 1160.0
1459.9999999997676 210.0
1140.0000000013279 1160.0
1469.9999999997585 210.0
1469.9999999997585 1090.0
1130.000000001337 1160.0
1489.9999999997403 1070.0
1100.0000000013642 1100.0
1090.0000000013733 1100.0
1519.999999999713 150.0
1080.0000000013824 1100.0
1080.0000000013824 1140.0
1529.999999999704 150.0
1070.0000000013915 1180.0
1539.9999999996949 110.0
1060.0000000014006 1120.0
1060.0000000014006 1180.0
1060.0000000014006 2000.0
1050.0000000014097 1920.0
1050.0000000014097 1980.0
1559.9999999996767 90.0
1559.9999999996767 110.0
1559.9999999996767 150.0
1040.0000000014188 1140.0
1569.9999999996676 90.0
1030.000000001428 1880.0
1589.9999999996494 50.0
1010.0000000014302 340.0
1010.0000000014302 1880.0
1599.9999999996403 90.0
1599.9999999996403 250.0
1599.9999999996403 330.0
1000.0000000014279 1140.0
1000.0000000014279 1160.0
1609.9999999996312 210.0
990.0000000014256 1160.0
1609.9999999996312 1530.0
980.0000000014234 60.0
1639.999999999604 190.0
1639.999999999604 1610.0
1649.9999999995948 170.0
950.0000000014165 360.0
1649.9999999995948 1610.0
1659.9999999995857 170.0
1659.9999999995857 1650.0
1669.9999999995766 230.0
1669.9999999995766 310.0
1679.9999999995675 230.0
1689.9999999995584 270.0
1689.9999999995584 310.0
1689.9999999995584 1510.0
1699.9999999995493 210.0
1699.9999999995493 1690.0
1739.999999999513 230.0
1739.999999999513 250.0
1749.9999999995039 250.0
1769.9999999994857 170.0
830.0000000013893 1500.0
1779.9999999994766 410.0
820.000000001387 1460.0
1779.9999999994766 1590.0
1789.9999999994675 410.0
1799.9999999994584 1610.0
1809.9999999994493 410.0
1809.9999999994493 430.0
1809.9999999994493 610.0
1839.999999999422 510.0
1839.999999999422 650.0
1859.9999999994038 430.0
1879.9999999993856 630.0
1899.9999999993674 510.0
1929.9999999993402 590.0
1939.999999999331 450.0
1939.999999999331 610.0
660.0000000013506 1660.0
1959.9999999993129 130.0
400.0000000012915 1280.0
360.0000000012824 480.0
360.0000000012824 1320.0
350.0000000012801 1940.0
330.00000000127557 1420.0
210.00000000126136 40.0
200.00000000126192 60.0
140.00000000126533 40.0
120.00000000126647 1260.0
90.00000000126818 1160.0
2519.9999999988036 2010.0
80.00000000126875 2060.0
70.00000000126931 1160.0
50.000000001269456 1300.0
40.00000000126931 2040.0
